0;1417058
1;1469443
2;994978
3;1169285
4;2453642
5;412366
6;1478593
7;1275487
8;1430970
9;2211460
10;1641197
11;1691342
12;1151095
13;1964543
14;936095
15;1000686
16;1126312
17;573115
18;1356450
19;3079306
20;1052084
21;2138811
22;1211004
23;1473406
24;1536151
25;1949880
26;825716
27;624124
28;921500
29;945144
30;638889
31;1452410
32;850405
33;1291133
34;1419467
35;2748900
36;1024250
37;1100118
38;1129647
39;2587996
40;896074
41;1512418
42;535732
43;813237
44;1611481
45;1922342
46;1725414
47;930437
48;1319022
49;805584
50;1052683
51;1922600
52;643761
53;1331916
54;1404432
55;743445
56;1377251
57;881744
58;347014
59;1262680
60;1146553
61;1850985
62;587909
63;2169812
64;1397179
65;2777451
66;1636932
67;1546431
68;1337028
69;1829201
70;1828406
71;1933946
72;2666451
73;2209268
74;1906206
75;994532
76;1301851
77;1279938
78;960613
79;1451187
80;1367877
81;1189929
82;579811
83;411832
84;1531902
85;1809287
86;1083765
87;1879893
88;1327410
89;1752369
90;871450
91;1005029
92;853303
93;1501679
94;1321398
95;2215887
96;1036150
97;2777106
98;1373804
99;1187262
100;1019806
101;1372085
102;2324075
103;897165
104;307686
105;2103369
106;597546
107;1147594
108;1870106
109;1909973
110;685500
111;1291924
112;1253060
113;1717998
114;1594696
115;395519
116;1358513
117;1221069
118;2293793
119;691000
120;889350
121;1913166
122;1236507
123;1006403
124;1386085
125;1339249
126;1752977
127;1451472
128;1261477
129;2238318
130;1638684
131;914172
132;4218057
133;839240
134;938359
135;1393129
136;2703779
137;1658782
138;698430
139;1088136
140;1312983
141;1883623
142;2300858
143;1662471
144;1218820
145;1086845
146;1442477
147;2665043
148;1633412
149;1275698
150;803457
151;946958
152;1220176
153;1510909
154;1764121
155;1677369
156;1814648
157;1037844
158;2156043
159;1015585
160;3278574
161;721184
162;482692
163;2413612
164;1552562
165;1064687
166;470100
167;955963
168;1312734
169;1311085
170;1566927
171;2303511
172;1954652
173;1764338
174;1863722
175;1970730
176;1402375
177;1057190
178;766027
179;628475
180;601152
181;1000876
182;2486088
183;3520153
184;2945667
185;806243
186;548690
187;2137570
188;525719
189;1251801
190;1966675
191;1484668
192;2305417
193;1320333
194;1049433
195;1099298
196;675868
197;1100015
198;1559307
199;229411
200;6434
201;1872658
202;1224798
203;945835
204;2542900
205;813063
206;1157442
207;981333
208;1267938
209;1937429
210;625398
211;1659233
212;807639
213;1619950
214;632485
215;1416040
216;627951
217;1651635
218;1262459
219;964681
220;1340435
221;1115390
222;1608831
223;1107548
224;1119842
225;1806221
226;750114
227;531284
228;1378458
229;1490220
230;1687338
231;1035417
232;589653
233;1230834
234;791425
235;1858180
236;1226046
237;2368916
238;1593439
239;3589553
240;1655112
241;684234
242;1888178
243;360963
244;602752
245;843303
246;2794125
247;1395521
248;925990
249;629471
250;1520924
251;2593003
252;1052602
253;472156
254;629014
255;3159082
256;569571
257;199184
258;1773558
259;1451493
260;2297958
261;2459140
262;993787
263;965196
264;847657
265;2074809
266;1205802
267;1012553
268;1355556
269;943704
270;1374252
271;2426764
272;1941072
273;620369
274;294317
275;1019082
276;4165943
277;2643664
278;902176
279;2212192
280;1477584
281;820350
282;2063371
283;736876
284;1364333
285;759332
286;1388691
287;1020428
288;1363568
289;2396077
290;1232340
291;2152456
292;734774
293;1446879
294;1322190
295;2111215
296;1508649
297;1836868
298;2319185
299;2530526
300;1857870
301;1050495
302;259845
303;744563
304;1490215
305;1601791
306;2011122
307;1712443
308;556400
309;300828
310;1800601
311;2509818
312;712826
313;1109546
314;1070300
315;1311258
316;4836169
317;793665
318;1053373
319;2106658
320;1852650
321;1806730
322;653935
323;1801825
324;449441
325;461495
326;1252721
327;2561225
328;1008728
329;1261045
330;892015
331;1122150
332;812720
333;283657
334;1636595
335;876641
336;3124433
337;1722513
338;1681137
339;448242
340;784530
341;1664381
342;630113
343;2109298
344;2308275
345;735324
346;1509318
347;1217421
348;480698
349;1120942
350;1433265
351;4127000
352;942867
353;1408429
354;386811
355;901333
356;1422284
357;2041568
358;1025521
359;1471785
360;1948467
361;2155743
362;673828
363;947798
364;1196675
365;2309836
366;751429
367;1445753
368;1792162
369;913833
370;2003770
371;1142384
372;861816
373;1254293
374;1221737
375;499098
376;1374035
377;3053416
378;1391000
379;1589162
380;1520137
381;1070739
382;2224965
383;1030759
384;462801
385;873790
386;671473
387;953089
388;1410577
389;548190
390;1252791
391;2299536
392;2038292
393;1010092
394;944354
395;1220442
396;1134933
397;2061006
398;670679
399;2136673
400;2018385
401;1017231
402;2339800
403;1289170
404;2942962
405;1161840
406;1904895
407;1483968
408;66420
409;1769620
410;582660
411;675717
412;902044
413;1004850
414;1043711
415;2141220
416;3311811
417;1083672
418;1194581
419;754019
420;2227787
421;2024524
422;1017760
423;394064
424;775041
425;1568083
426;1703726
427;1731522
428;1743872
429;1015846
430;2049712
431;357755
432;224771
433;1612197
434;2164664
435;1903126
436;1856006
437;1873363
438;918798
439;638337
440;1668195
441;2936633
442;1167435
443;751509
444;919851
445;821521
446;1846505
447;276972
448;255280
449;2983854
450;1080652
451;668073
452;1071753
453;2326529
454;1002053
455;93787
456;1337232
457;1729473
458;2165832
459;1326706
460;1049938
461;670753
462;69743
463;925674
464;1955930
465;1701773
466;1718512
467;195490
468;1139829
469;543163
470;1542310
471;683442
472;665162
473;615806
474;1965618
475;265672
476;3880918
477;930694
478;1898506
479;781147
480;1242336
481;1324414
482;2210354
483;1367559
484;1182830
485;1720416
486;2622617
487;1189756
488;1254250
489;940512
490;1828488
491;1045617
492;705173
493;898303
494;1270104
495;1352692
496;439826
497;1920664
498;84944
499;926143
500;1706580
501;1727127
502;1245600
503;873680
504;1728030
505;274180
506;1596528
507;2467466
508;1179001
509;1617997
510;748000
511;388288
512;880931
513;682244
514;1155344
515;3113244
516;615553
517;299555
518;440322
519;1668935
520;2477245
521;2063184
522;959942
523;1486413
524;811300
525;1071614
526;1535386
527;1840484
528;2255554
529;1590926
530;2368195
531;1369813
532;761458
533;1693685
534;936694
535;1770501
536;2093620
537;768027
538;332661
539;937838
540;1371562
541;3561967
542;1174002
543;1586870
544;1203950
545;1534027
546;625059
547;640841
548;1012456
549;1123168
550;785900
551;1111820
552;1236527
553;717454
554;160541
555;1491545
556;2012844
557;512570
558;872557
559;1191726
560;1875589
561;2249584
562;1129127
563;1047679
564;1454860
565;1871888
566;1769948
567;2940664
568;324917
569;1327596
570;789998
571;2861516
572;462021
573;362340
574;1229968
575;3529205
576;884258
577;245410
578;1845440
579;777482
580;1333720
581;1437188
582;1168588
583;673582
584;2160573
585;1420232
586;1102358
587;980718
588;2626058
589;1408343
590;833194
591;1991804
592;2008087
593;3015282
594;585931
595;3543182
596;926908
597;1879784
598;1109998
599;753945
600;2349040
601;2372406
602;1238041
603;1739203
604;1041063
605;1094235
606;1045329
607;511129
608;2048763
609;469913
610;966137
611;1508823
612;1622849
613;960677
614;939993
615;858233
616;777627
617;1170045
618;1647639
619;1188082
620;1238767
621;1907226
622;2782992
623;794558
624;872261
625;1909698
626;188013
627;1733601
628;348176
629;1289398
630;928617
631;937112
632;2522888
633;473578
634;296014
635;1891460
636;995686
637;1676104
638;1102294
639;604602
640;1419332
641;1897936
642;1578629
643;583082
644;3058511
645;586918
646;1231419
647;1735631
648;1726270
649;1994887
650;1793580
651;1548504
652;921321
653;1762510
654;2646240
655;2394260
656;2303817
657;975984
658;1760209
659;1171882
660;2267212
661;1493161
662;1173000
663;687818
664;1461609
665;928159
666;1328517
667;1202123
668;1008478
669;808938
670;1908771
671;227359
672;1920235
673;1442288
674;1738015
675;1447563
676;1220534
677;1075822
678;1388918
679;1482079
680;847948
681;851920
682;873326
683;766055
684;1836655
685;603454
686;1716725
687;2082605
688;241063
689;973559
690;2112414
691;1050662
692;717360
693;929371
694;312481
695;2334995
696;1134272
697;684855
698;1150839
699;799562
700;1202294
701;672334
702;1712276
703;1324177
704;3029016
705;2294968
706;2466825
707;1735330
708;2223311
709;1522625
710;777677
711;2109936
712;2150000
713;857761
714;2742440
715;1930521
716;1346734
717;1071042
718;1022832
719;1146421
720;921994
721;1447050
722;1040816
723;2029800
724;448203
725;922941
726;888008
727;1606161
728;1766049
729;808711
730;1963557
731;1043838
732;1897447
733;1365046
734;632268
735;1010182
736;1039962
737;1175848
738;3145290
739;2725914
740;1061657
741;1885203
742;1953058
743;986860
744;1695462
745;1258642
746;2818354
747;137857
748;3712669
749;838358
750;525005
751;1115783
752;1267132
753;1976175
754;2464847
755;2576659
756;534363
757;715287
758;589124
759;2357298
760;884885
761;1646228
762;931512
763;970774
764;1827926
765;1269836
766;1591494
767;941990
768;2309147
769;1016762
770;1160386
771;2271231
772;543892
773;3258107
774;707323
775;2387484
776;1780018
777;1023189
778;886463
779;1315104
780;1452980
781;898488
782;655858
783;1944865
784;1071298
785;1092364
786;1728901
787;1674111
788;635276
789;2098542
790;1943779
791;1128878
792;543608
793;1397284
794;1898850
795;845676
796;1564152
797;1099885
798;1033124
799;769837
800;1550078
801;895728
802;1822441
803;944475
804;1274251
805;679893
806;438079
807;1121194
808;1026314
809;890578
810;2023118
811;2742322
812;803918
813;1198914
814;1064301
815;449353
816;350968
817;1160412
818;3433059
819;1374491
820;1790818
821;731350
822;1389680
823;928961
824;2259345
825;1608616
826;2239244
827;2457870
828;2016656
829;243127
830;325543
831;2795687
832;3529861
833;637527
834;891667
835;1654927
836;830550
837;770891
838;1055918
839;821479
840;490040
841;1994445
842;120032
843;1171132
844;2331751
845;488258
846;1229939
847;2063884
848;1364245
849;1346863
850;458371
851;866264
852;787255
853;2475108
854;1306218
855;1348089
856;1499113
857;1526620
858;2138420
859;1238925
860;996825
861;2541812
862;1398522
863;1144856
864;1134595
865;1128073
866;243998
867;1537085
868;911824
869;1385151
870;1494409
871;1077929
872;3269759
873;1598996
874;2894692
875;1656193
876;1185855
877;1592086
878;442302
879;1238040
880;3063298
881;1452856
882;1924200
883;661891
884;2014117
885;721103
886;2653218
887;1111180
888;2273530
889;1055770
890;2344635
891;1571916
892;1321664
893;922396
894;1110751
895;403160
896;1224496
897;1158580
898;940808
899;3472811
900;1855368
901;2149286
902;858459
903;1031649
904;1401486
905;1354856
906;1859435
907;1675022
908;564015
909;753562
910;493675
911;3116354
912;1986642
913;2767817
914;3069420
915;2259991
916;1308802
917;1323677
918;533854
919;405077
920;750171
921;1250264
922;1711709
923;1919081
924;915111
925;968101
926;1559191
927;573364
928;525270
929;1589597
930;1760213
931;897400
932;2151517
933;2051272
934;2996478
935;352597
936;788200
937;1738847
938;891420
939;1377631
940;547746
941;1775303
942;2407131
943;925653
944;1011130
945;1699154
946;1150260
947;830349
948;2065371
949;2750045
950;1686947
951;1230798
952;771401
953;951015
954;1297707
955;2218805
956;1027414
957;1007546
958;1710484
959;2271490
960;1103756
961;1798233
962;314604
963;2628459
964;1258271
965;551441
966;5800
967;1157752
968;803812
969;317674
970;2278544
971;1530365
972;872382
973;2313958
974;775803
975;534011
976;1663174
977;718300
978;1004062
979;1171155
980;2183846
981;1734513
982;723408
983;1063602
984;1029188
985;1883110
986;3166090
987;773613
988;1445387
989;499610
990;2529750
991;1201439
992;1480001
993;814140
994;557461
995;1517303
996;1542678
997;1401214
998;5615
999;3187549
1000;801479
1001;2251425
1002;2034756
1003;1009294
1004;2548686
1005;1672410
1006;1142439
1007;715267
1008;750413
1009;1637870
1010;3014114
1011;402410
1012;1857266
1013;850284
1014;506313
1015;1897382
1016;958420
1017;832361
1018;1897520
1019;1926750
1020;1098412
1021;1701588
1022;2122243
1023;1716905
1024;1956696
1025;2025484
1026;1826295
1027;525767
1028;973290
1029;570110
1030;1013085
1031;1691685
1032;1360632
1033;1954422
1034;1154983
1035;638245
1036;1266812
1037;2510737
1038;452931
1039;1329782
1040;1111513
1041;1763562
1042;764656
1043;1248572
1044;1721276
1045;765004
1046;1096040
1047;1225214
1048;2581144
1049;693934
1050;846773
1051;1014391
1052;833401
1053;1326276
1054;1523184
1055;1898850
1056;470489
1057;1425360
1058;1490510
1059;1560325
1060;1101103
1061;1932615
1062;865401
1063;2288840
1064;1102390
1065;1006489
1066;1113063
1067;611510
1068;2461248
1069;1998891
1070;284632
1071;679173
1072;952219
1073;3103966
1074;328785
1075;2234696
1076;2426701
1077;3112235
1078;1829979
1079;2343229
1080;688144
1081;212928
1082;2065208
1083;1704287
1084;1460937
1085;1335609
1086;1252443
1087;1211988
1088;316368
1089;2191449
1090;1294922
1091;2340525
1092;1535038
1093;932760
1094;1324900
1095;868107
1096;830860
1097;1725187
1098;738922
1099;159803
1100;4007484
1101;678859
1102;937358
1103;637266
1104;2611526
1105;1119136
1106;2439028
1107;1779051
1108;2246095
1109;926847
1110;791410
1111;454154
1112;790225
1113;2656738
1114;657997
1115;1771165
1116;448970
1117;450850
1118;2617695
1119;2425839
1120;1369971
1121;2507998
1122;1094243
1123;2211071
1124;1312791
1125;1863517
1126;1739063
1127;276701
1128;476519
1129;482363
1130;1955593
1131;1083517
1132;267901
1133;2016289
1134;888018
1135;1327913
1136;601278
1137;1005880
1138;285779
1139;572045
1140;1363409
1141;1806533
1142;831192
1143;430659
1144;1255527
1145;852116
1146;228031
1147;920242
1148;1705695
1149;1019404
1150;922364
1151;1493233
1152;2606068
1153;1412980
1154;410368
1155;1171831
1156;1202510
1157;984458
1158;1779984
1159;2585333
1160;656209
1161;1798605
1162;865203
1163;1595934
1164;473185
1165;644689
1166;2167937
1167;557788
1168;1431262
1169;2020978
1170;433577
1171;3335506
1172;1317341
1173;708150
1174;1527800
1175;1732020
1176;378846
1177;2789188
1178;1082507
1179;1092942
1180;2148442
1181;1373710
1182;1431694
1183;1487649
1184;544675
1185;2844782
1186;652030
1187;147606
1188;2368108
1189;1612669
1190;1924137
1191;1340110
1192;921234
1193;1975483
1194;1756943
1195;984498
1196;1353049
1197;1604066
1198;334379
1199;2866297
1200;3195632
1201;4446940
1202;1729656
1203;815840
1204;4095414
1205;730420
1206;1662354
1207;724331
1208;558114
1209;991411
1210;1411441
1211;648236
1212;1165762
1213;2495769
1214;232618
1215;947660
1216;1335715
1217;1345448
1218;111158
1219;1591501
1220;1343720
1221;970645
1222;916449
1223;1336390
1224;2652257
1225;977615
1226;1296756
1227;972804
1228;2367880
1229;1039943
1230;688070
1231;874358
1232;447572
1233;829477
1234;1052398
1235;152451
1236;2120158
1237;1322106
1238;2061809
1239;1424631
1240;1215664
1241;1214971
1242;1060401
1243;1074343
1244;2253481
1245;734397
1246;975447
1247;1710404
1248;993704
1249;1241694
1250;1165332
1251;1760107
1252;1590196
1253;1575109
1254;1899176
1255;1821898
1256;844922
1257;458475
1258;502385
1259;958509
1260;586453
1261;631907
1262;2011783
1263;3703921
1264;1467754
1265;2405641
1266;2232189
1267;719618
1268;743805
1269;461314
1270;773128
1271;1530405
1272;1689430
1273;1132944
1274;558971
1275;1827362
1276;2344037
1277;1295825
1278;958133
1279;2386322
1280;280652
1281;1244913
1282;1556213
1283;1735362
1284;1494452
1285;1667075
1286;1991198
1287;834958
1288;1835097
1289;1080159
1290;2470029
1291;949298
1292;1336271
1293;1466346
1294;1180376
1295;1321196
1296;3334036
1297;1964709
1298;2285154
1299;862639
1300;3946016
1301;1303835
1302;2093219
1303;1434511
1304;1994187
1305;883784
1306;763557
1307;2178507
1308;1461663
1309;1521476
1310;2533156
1311;2582310
1312;1184395
1313;1788927
1314;410393
1315;219483
1316;2402930
1317;1854903
1318;1590835
1319;880246
1320;2037035
1321;541294
1322;1779047
1323;1559040
1324;906261
1325;3300282
1326;1299762
1327;1349606
1328;1310058
1329;2902346
1330;1956379
1331;992562
1332;1848646
1333;337270
1334;1271324
1335;1208466
1336;1067612
1337;1177676
1338;2069652
1339;638730
1340;398491
1341;1138908
1342;1566223
1343;1164963
1344;1240363
1345;2321250
1346;2162026
1347;2023700
1348;1426483
1349;161907
1350;1139896
1351;4401701
1352;1519596
1353;1612731
1354;1318896
1355;1564978
1356;1355241
1357;1815660
1358;1087617
1359;1372649
1360;1048731
1361;2589682
1362;347317
1363;2415297
1364;1364918
1365;1733751
1366;1073028
1367;1070620
1368;1495901
1369;1333830
1370;1802028
1371;1192577
1372;123144
1373;658864
1374;1261326
1375;1950331
1376;1503341
1377;1788815
1378;1180575
1379;286008
1380;1557959
1381;1400154
1382;592048
1383;1558342
1384;2205726
1385;4999375
1386;904525
1387;444427
1388;875517
1389;1699678
1390;42484
1391;1980788
1392;3283147
1393;780145
1394;2748169
1395;1271983
1396;668016
1397;1850458
1398;628433
1399;734029
1400;1857903
1401;3481520
1402;697255
1403;1113986
1404;1033258
1405;825986
1406;175326
1407;1904012
1408;745420
1409;562644
1410;707780
1411;1822844
1412;1033292
1413;2075471
1414;756325
1415;1477908
1416;3547519
1417;676976
1418;1642486
1419;919961
1420;511180
1421;1733384
1422;423146
1423;2100221
1424;2015441
1425;2216007
1426;2387759
1427;1384985
1428;1469280
1429;1855510
1430;472570
1431;1020418
1432;1228987
1433;2527010
1434;1712158
1435;702458
1436;2323340
1437;481525
1438;585769
1439;591664
1440;1150243
1441;1143541
1442;895262
1443;689796
1444;1566370
1445;778469
1446;1365882
1447;1143553
1448;1526474
1449;3242340
1450;909722
1451;717683
1452;777066
1453;1091893
1454;903720
1455;681406
1456;1797284
1457;2245794
1458;2571701
1459;1236931
1460;924975
1461;1259998
1462;540246
1463;1973775
1464;1644106
1465;983234
1466;713542
1467;1632636
1468;683461
1469;1747667
1470;2714226
1471;975791
1472;1106203
1473;2484838
1474;741166
1475;1030744
1476;1177365
1477;2491237
1478;2492782
1479;2716178
1480;1162277
1481;1263696
1482;1422432
1483;2368883
1484;1366776
1485;2088722
1486;1167832
1487;355343
1488;1890301
1489;1504028
1490;307304
1491;2452298
1492;2420232
1493;1100986
1494;1554649
1495;828617
1496;1598601
1497;1798615
1498;2190454
1499;1811806
1500;1085066
1501;1573364
1502;1846285
1503;563853
1504;675300
1505;1625812
1506;2510327
1507;628849
1508;1093342
1509;1044371
1510;2088547
1511;1071857
1512;2002967
1513;1249063
1514;941427
1515;917996
1516;1387898
1517;980511
1518;685660
1519;1190745
1520;2823956
1521;878773
1522;988784
1523;1176495
1524;1014523
1525;2009885
1526;941531
1527;1134047
1528;182900
1529;1377658
1530;940065
1531;1492140
1532;1223637
1533;1533816
1534;611664
1535;2084275
1536;1433349
1537;1545101
1538;4563691
1539;1205945
1540;1621730
1541;772595
1542;1415253
1543;1772985
1544;1385113
1545;1460235
1546;1538400
1547;3956018
1548;1547320
1549;1464473
1550;1222842
1551;2077833
1552;2075643
1553;1909655
1554;2669916
1555;2220943
1556;1142481
1557;488329
1558;300788
1559;2494966
1560;1968760
1561;1247283
1562;1065313
1563;950348
1564;1055533
1565;3015528
1566;1533033
1567;1794967
1568;1591659
1569;1040110
1570;1497610
1571;1105976
1572;517114
1573;1409630
1574;1439635
1575;518012
1576;490221
1577;1493556
1578;1109214
1579;1543495
1580;954753
1581;1587800
1582;2436021
1583;436051
1584;1124735
1585;1022633
1586;1337629
1587;1809920
1588;951947
1589;670851
1590;1225941
1591;1242077
1592;1164405
1593;1678585
1594;465862
1595;588788
1596;1969862
1597;1726308
1598;973707
1599;1811918
1600;3008290
1601;1396355
1602;2567932
1603;1069585
1604;984103
1605;776522
1606;765556
1607;2745815
1608;409158
1609;2378341
1610;2448783
1611;1683064
1612;1401324
1613;2093464
1614;784035
1615;1082924
1616;1266098
1617;558923
1618;1091339
1619;938217
1620;1280877
1621;1061738
1622;846110
1623;1101609
1624;1325043
1625;1553604
1626;2664955
1627;1113343
1628;53237
1629;583079
1630;242134
1631;443646
1632;1152370
1633;856308
1634;653954
1635;1958834
1636;836250
1637;1386196
1638;664008
1639;906177
1640;5180
1641;1043247
1642;983245
1643;1593392
1644;705651
1645;1021184
1646;1435628
1647;1030650
1648;1220569
1649;1005511
1650;867937
1651;1413846
1652;2081743
1653;1714073
1654;2784253
1655;1911588
1656;833205
1657;2611022
1658;1932185
1659;1741133
1660;1545811
1661;4063772
1662;1590647
1663;1293776
1664;288556
1665;1740040
1666;963930
1667;482969
1668;1697734
1669;1642903
1670;423817
1671;1462484
1672;1220892
1673;1987325
1674;2510685
1675;1521958
1676;408419
1677;713250
1678;1519170
1679;2167446
1680;668195
1681;1199829
1682;1364685
1683;1381792
1684;3101967
1685;1593786
1686;1408425
1687;2430668
1688;3147170
1689;2474498
1690;1112683
1691;2238618
1692;654593
1693;1418300
1694;2413533
1695;2155957
1696;275062
1697;1742974
1698;1321934
1699;654467
1700;1050089
1701;671777
1702;835842
1703;973195
1704;772288
1705;1554766
1706;978442
1707;1241434
1708;2572389
1709;904220
1710;454631
1711;542638
1712;1147898
1713;457545
1714;551145
1715;1363077
1716;689462
1717;4594165
1718;980244
1719;2359692
1720;799460
1721;1180530
1722;1150484
1723;1441305
1724;827960
1725;1549090
1726;2369639
1727;2003120
1728;1269296
1729;1880950
1730;1652266
1731;2264481
1732;805430
1733;1204798
1734;781537
1735;1590259
1736;1218391
1737;190598
1738;2234280
1739;996240
1740;2504669
1741;1148454
1742;1684431
1743;1762460
1744;998783
1745;824096
1746;1622123
1747;1092750
1748;1258568
1749;384050
1750;517270
1751;1509876
1752;382919
1753;456784
1754;1691929
1755;1661926
1756;3460016
1757;2039922
1758;766264
1759;1067031
1760;2652130
1761;398881
1762;665723
1763;1204752
1764;607945
1765;1748590
1766;1361471
1767;1155485
1768;3007418
1769;2266053
1770;804774
1771;1171645
1772;1252829
1773;1778412
1774;799463
1775;186084
1776;1908769
1777;1185642
1778;1247500
1779;921475
1780;883450
1781;1976942
1782;1193762
1783;1090816
1784;662766
1785;524261
1786;615465
1787;1759241
1788;1094494
1789;1333413
1790;797134
1791;224327
1792;1317553
1793;1121104
1794;1575350
1795;697716
1796;663008
1797;1114617
1798;931020
1799;1764671
1800;1107240
1801;1348368
1802;535431
1803;748268
1804;1346709
1805;541435
1806;1339467
1807;1616358
1808;1250434
1809;1202294
1810;894849
1811;251022
1812;216689
1813;662945
1814;1848841
1815;1094317
1816;1194821
1817;2713774
1818;3357604
1819;2279459
1820;1413152
1821;3568205
1822;1587673
1823;1070938
1824;2211501
1825;2388697
1826;2136424
1827;1875382
1828;2107128
1829;1126687
1830;1170203
1831;1442661
1832;754690
1833;1937447
1834;1332479
1835;828775
1836;1503001
1837;3355889
1838;1517930
1839;1234337
1840;2230885
1841;554363
1842;582491
1843;42132
1844;883095
1845;1017201
1846;3110752
1847;1651072
1848;753954
1849;1269798
1850;1201784
1851;1442225
1852;769770
1853;2048613
1854;1328998
1855;1080818
1856;1200130
1857;748724
1858;1333912
1859;343598
1860;2187171
1861;2460041
1862;1682228
1863;1119560
1864;1509586
1865;1599372
1866;2117031
1867;1922004
1868;1440165
1869;458521
1870;723856
1871;1156170
1872;1062384
1873;980592
1874;583872
1875;1309983
1876;741205
1877;2121468
1878;1532046
1879;419788
1880;1121740
1881;1393000
1882;2898897
1883;2737189
1884;2532957
1885;1256481
1886;1053218
1887;1565453
1888;1492855
1889;2136750
1890;1585174
1891;1545389
1892;898231
1893;1185980
1894;1283187
1895;1639369
1896;542120
1897;2106351
1898;323068
1899;2225784
1900;2017380
1901;506230
1902;2496489
1903;2392054
1904;3259919
1905;1905250
1906;1477856
1907;1096055
1908;1504861
1909;1009084
1910;2694012
1911;260226
1912;1781073
1913;820684
1914;2067422
1915;2158156
1916;487962
1917;1930145
1918;1494950
1919;1448068
1920;1958900
1921;1508550
1922;945500
1923;1423385
1924;564151
1925;2361426
1926;1248176
1927;1561258
1928;550957
1929;694075
1930;984067
1931;1095408
1932;2689996
1933;963601
1934;1416731
1935;1886140
1936;560132
1937;1241381
1938;1212276
1939;1298317
1940;2311581
1941;3293452
1942;1424344
1943;949963
1944;1080266
1945;1076559
1946;723035
1947;3913837
1948;2072654
1949;3629210
1950;1573906
1951;1415660
1952;1987560
1953;1498146
1954;1675902
1955;1596423
1956;2846358
1957;955703
1958;897824
1959;1052420
1960;880629
1961;1467501
1962;1250593
1963;285216
1964;1632416
1965;2745626
1966;1631437
1967;1436735
1968;3475546
1969;633631
1970;1201045
1971;2152689
1972;841715
1973;640457
1974;1515828
1975;1167359
1976;1309102
1977;634849
1978;2069924
1979;1499273
1980;1297007
1981;2137918
1982;852445
1983;1667995
1984;965781
1985;1342019
1986;1505268
1987;2235323
1988;432337
1989;1258562
1990;1731498
1991;2046773
1992;1019045
1993;1748547
1994;1639566
1995;778159
1996;1218508
1997;1626855
1998;574472
1999;1229263
2000;1136332
2001;869810
2002;467217
2003;854376
2004;245552
2005;1359029
2006;2871265
2007;2010676
2008;1796112
2009;87840
2010;896200
2011;1339473
2012;2161738
2013;1526659
2014;1443647
2015;617698
2016;1728920
2017;1970516
2018;762331
2019;4100370
2020;546159
2021;2450584
2022;534214
2023;964884
2024;281963
2025;150790
2026;1541185
2027;1216945
2028;2716075
2029;1766506
2030;835587
2031;1760469
2032;1385922
2033;874367
2034;827336
2035;947988
2036;3903484
2037;2232056
2038;1814514
2039;541551
2040;1474336
2041;358129
2042;2205673
2043;1166685
2044;959922
2045;674322
2046;1929173
2047;694040
2048;841640
2049;897221
2050;1442889
2051;940993
2052;274608
2053;1281476
2054;546437
2055;1910823
2056;1160469
2057;752698
2058;276754
2059;1959015
2060;1707074
2061;849109
2062;2145818
2063;2069441
2064;1055891
2065;1487409
2066;1178414
2067;1171208
2068;380587
2069;1663753
2070;1267708
2071;1800263
2072;526173
2073;648260
2074;711935
2075;792287
2076;1893240
2077;327025
2078;1792405
2079;1405080
2080;710090
2081;3155661
2082;619636
2083;1007180
2084;1545762
2085;842133
2086;539009
2087;2834156
2088;434157
2089;1761817
2090;618102
2091;631245
2092;1058119
2093;473805
2094;3282247
2095;797840
2096;1069298
2097;2807765
2098;941204
2099;1842843
2100;1582467
2101;1105340
2102;1957043
2103;1109120
2104;1207852
2105;909205
2106;595718
2107;1301309
2108;2496964
2109;785117
2110;1982035
2111;1504222
2112;748923
2113;2215144
2114;1065387
2115;232257
2116;443312
2117;1765254
2118;1998203
2119;1723261
2120;1782949
2121;338414
2122;2638831
2123;411248
2124;2360077
2125;1291482
2126;857175
2127;926406
2128;1246894
2129;1828566
2130;1240830
2131;1583516
2132;1454679
2133;559562
2134;1721707
2135;697276
2136;1046351
2137;712746
2138;707984
2139;2239945
2140;2249701
2141;1039408
2142;2497321
2143;1161834
2144;2168910
2145;1170171
2146;2109744
2147;2271138
2148;667814
2149;854620
2150;812668
2151;1450500
2152;1797675
2153;1163207
2154;1129058
2155;1538759
2156;1402535
2157;1607627
2158;1861801
2159;868763
2160;1036881
2161;806974
2162;1758472
2163;1377275
2164;709293
2165;1536963
2166;1021955
2167;2105615
2168;1883512
2169;1941154
2170;1554010
2171;4583876
2172;1123385
2173;905813
2174;982958
2175;943837
2176;1132356
2177;1098971
2178;927129
2179;1291736
2180;616598
2181;694155
2182;1381972
2183;868045
2184;1197391
2185;770259
2186;1037625
2187;1526807
2188;985763
2189;2118611
2190;1716226
2191;1047000
2192;905483
2193;998037
2194;3263269
2195;815557
2196;764053
2197;956448
2198;1329512
2199;813407
2200;1843913
2201;772951
2202;1535048
2203;1479344
2204;1715598
2205;954916
2206;1751350
2207;1790536
2208;287206
2209;1234562
2210;2135681
2211;1915584
2212;2842026
2213;232322
2214;324496
2215;876631
2216;1607123
2217;1157341
2218;945079
2219;1726689
2220;2180335
2221;1671144
2222;542830
2223;2006001
2224;1007653
2225;2821964
2226;1036107
2227;647122
2228;1429011
2229;1917617
2230;1220211
2231;1862530
2232;682455
2233;1898823
2234;2868722
2235;1288954
2236;2581181
2237;948743
2238;1878190
2239;965131
2240;1618855
2241;1784308
2242;1671308
2243;1348256
2244;2559756
2245;1826626
2246;1984091
2247;2255907
2248;1220574
2249;2276606
2250;638631
2251;1546192
2252;1527362
2253;1226513
2254;1309727
2255;1143115
2256;416500
2257;1245266
2258;2420829
2259;958872
2260;1260068
2261;1995111
2262;856658
2263;1127611
2264;2009534
2265;1546424
2266;847682
2267;2216632
2268;1200107
2269;891712
2270;1480988
2271;2757914
2272;1256539
2273;2238964
2274;3704612
2275;1683339
2276;2642023
2277;1181378
2278;977372
2279;2818727
2280;630646
2281;1536905
2282;837753
2283;492620
2284;2237775
2285;258643
2286;927457
2287;1322277
2288;2574219
2289;1492076
2290;1307273
2291;1092630
2292;211038
2293;1210474
2294;1285421
2295;1207058
2296;614716
2297;1882098
2298;1576604
2299;1246024
2300;1034183
2301;2258100
2302;1241156
2303;705202
2304;1897031
2305;785744
2306;1541326
2307;918709
2308;938336
2309;834477
2310;855512
2311;1879123
2312;1804840
2313;600506
2314;662411
2315;986328
2316;947672
2317;1676874
2318;706893
2319;762491
2320;1206301
2321;1895458
2322;1541689
2323;1688742
2324;500778
2325;761559
2326;233046
2327;2980858
2328;1716524
2329;318772
2330;1423752
2331;776863
2332;716895
2333;2007292
2334;900583
2335;268117
2336;454555
2337;1305374
2338;1929338
2339;1834620
2340;1057758
2341;533663
2342;1065139
2343;604244
2344;984981
2345;755508
2346;582951
2347;1539794
2348;2056331
2349;1783906
2350;1280020
2351;1680773
2352;1904552
2353;2464061
2354;1968987
2355;728498
2356;1785420
2357;3183382
2358;1739226
2359;3041174
2360;547559
2361;1124668
2362;2383898
2363;1302510
2364;3476167
2365;1687419
2366;1179870
2367;1390612
2368;3396205
2369;783978
2370;972222
2371;1667585
2372;3193977
2373;465255
2374;2238206
2375;1377375
2376;1712690
2377;1302429
2378;1158530
2379;844711
2380;1424019
2381;784436
2382;1389774
2383;579450
2384;865591
2385;1073889
2386;2653760
2387;1484977
2388;2190700
2389;1765504
2390;1492969
2391;1175541
2392;1151934
2393;616927
2394;1205898
2395;1749705
2396;720138
2397;1096405
2398;1121070
2399;203609
2400;2128665
2401;1527078
2402;1362288
2403;2626877
2404;1022444
2405;723647
2406;2358539
2407;1110380
2408;314956
2409;1265759
2410;1496676
2411;957196
2412;1464245
2413;4046146
2414;1768476
2415;989591
2416;752492
2417;742616
2418;884362
2419;2022889
2420;1179573
2421;1540393
2422;1588313
2423;1248909
2424;1011113
2425;1773852
2426;2249658
2427;671352
2428;1807460
2429;1530506
2430;1691952
2431;1368283
2432;541246
2433;1231061
2434;2067165
2435;1228545
2436;2086606
2437;2810349
2438;1752086
2439;1304387
2440;427475
2441;1185523
2442;819400
2443;1153971
2444;1614968
2445;2406164
2446;1721393
2447;1519293
2448;1409873
2449;713414
2450;577697
2451;440712
2452;1038177
2453;862253
2454;754836
2455;1537356
2456;2404135
2457;1581930
2458;1604443
2459;1113853
2460;1755714
2461;951572
2462;1394650
2463;1774268
2464;1024504
2465;1439404
2466;984608
2467;1043506
2468;725378
2469;1925586
2470;1950515
2471;287118
2472;629345
2473;4102242
2474;1978523
2475;1229147
2476;769493
2477;997895
2478;1585977
2479;1490892
2480;1789037
2481;1405075
2482;917658
2483;1685858
2484;1392132
2485;3159659
2486;741224
2487;2053711
2488;2131628
2489;1708621
2490;1821916
2491;2077558
2492;2175840
2493;720369
2494;531606
2495;2574018
2496;2430908
2497;1378559
2498;662922
2499;2055963
2500;1600722
2501;466310
2502;1164060
2503;2858035
2504;1576493
2505;1579214
2506;1310453
2507;1581626
2508;1483040
2509;855329
2510;1037715
2511;1075466
2512;481777
2513;635464
2514;1661228
2515;1608862
2516;1166632
2517;1047930
2518;1455731
2519;562719
2520;2686401
2521;1540215
2522;1868887
2523;1799712
2524;1532577
2525;1644367
2526;1016304
2527;1070610
2528;1205962
2529;405683
2530;1446262
2531;1342550
2532;777484
2533;418571
2534;704624
2535;914685
2536;616205
2537;1045127
2538;286096
2539;1998769
2540;1451144
2541;1536598
2542;3013473
2543;2821323
2544;424710
2545;2538406
2546;1906382
2547;1175983
2548;1513863
2549;6810
2550;579775
2551;892446
2552;1568990
2553;3876110
2554;1064901
2555;1372823
2556;1375358
2557;1009471
2558;1323706
2559;1015344
2560;2349129
2561;564961
2562;2000259
2563;1103177
2564;803984
2565;2026600
2566;1670453
2567;1586877
2568;1532786
2569;1609883
2570;912486
2571;1677539
2572;1736392
2573;1685681
2574;282723
2575;1143450
2576;448564
2577;1610282
2578;1525646
2579;1696598
2580;863259
2581;809928
2582;1820740
2583;2566265
2584;1470412
2585;2569600
2586;1279724
2587;895923
2588;1790627
2589;2659000
2590;683112
2591;734133
2592;411924
2593;1634380
2594;1152568
2595;1860326
2596;1127008
2597;1858372
2598;981062
2599;2174291
2600;634642
2601;469160
2602;677435
2603;469911
2604;881075
2605;1401128
2606;1395740
2607;1287320
2608;848442
2609;1259039
2610;1217627
2611;1894087
2612;1448553
2613;1798416
2614;1466738
2615;2373966
2616;1270243
2617;1924535
2618;1989753
2619;176250
2620;2410323
2621;1683575
2622;1517456
2623;1571011
2624;1452011
2625;1405538
2626;1012929
2627;705422
2628;1240418
2629;2135236
2630;662435
2631;599148
2632;428818
2633;819035
2634;974143
2635;724354
2636;1940855
2637;178916
2638;1320998
2639;1129998
2640;638495
2641;1091100
2642;1163803
2643;1009956
2644;2869015
2645;754901
2646;1318220
2647;454001
2648;1206383
2649;984238
2650;924140
2651;570170
2652;623852
2653;1264939
2654;905868
2655;1168729
2656;1891771
2657;3356512
2658;1026386
2659;316423
2660;1033787
2661;2009307
2662;775933
2663;2293854
2664;1275750
2665;942948
2666;1120390
2667;1459618
2668;458196
2669;2559597
2670;1059088
2671;898217
2672;1263389
2673;1443946
2674;818148
2675;1707577
2676;573379
2677;600453
2678;936886
2679;915367
2680;1005426
2681;195556
2682;961194
2683;222386
2684;1282002
2685;1149521
2686;2031562
2687;1177640
2688;267350
2689;1205788
2690;172690
2691;712917
2692;575584
2693;1158420
2694;898200
2695;567944
2696;1104754
2697;1935117
2698;1751226
2699;734686
2700;2973116
2701;2491221
2702;2238326
2703;394153
2704;1036794
2705;384778
2706;1065194
2707;904357
2708;2532490
2709;972403
2710;438975
2711;1681902
2712;1242466
2713;949552
2714;1009879
2715;1349928
2716;2070966
2717;2109354
2718;2160769
2719;1562889
2720;1660276
2721;1165185
2722;803007
2723;965118
2724;1548477
2725;1124750
2726;1838096
2727;2545920
2728;2359740
2729;1670443
2730;1616821
2731;549941
2732;826103
2733;1269169
2734;1765140
2735;1445749
2736;1250029
2737;1749037
2738;1237561
2739;1001638
2740;989110
2741;3588420
2742;2611603
2743;845906
2744;1891143
2745;1667108
2746;1356957
2747;1432388
2748;669411
2749;320609
2750;557444
2751;1048990
2752;219046
2753;1157350
2754;1140534
2755;5728
2756;1728852
2757;752496
2758;1960995
2759;2239127
2760;1568459
2761;2990326
2762;1587205
2763;765434
2764;2348840
2765;1587726
2766;1330112
2767;1077870
2768;1234583
2769;227823
2770;1151964
2771;2024262
2772;1759239
2773;552379
2774;700772
2775;1422291
2776;2107545
2777;2940656
2778;1873191
2779;1922908
2780;985730
2781;737727
2782;2459481
2783;842274
2784;1065874
2785;2115174
2786;1186141
2787;2082548
2788;1784636
2789;1189164
2790;450909
2791;757784
2792;505628
2793;3218346
2794;1499191
2795;1686704
2796;1788457
2797;1300171
2798;273403
2799;2490940
2800;847406
2801;1583718
2802;1642609
2803;2361825
2804;2236586
2805;1341348
2806;2951275
2807;965935
2808;683968
2809;1093247
2810;2928241
2811;763159
2812;815300
2813;2351258
2814;1298820
2815;425086
2816;1384955
2817;1981789
2818;232660
2819;2075248
2820;192273
2821;1535718
2822;1255989
2823;2335177
2824;1833394
2825;1976771
2826;968445
2827;1399388
2828;1399470
2829;800923
2830;597463
2831;1054236
2832;1752201
2833;4246491
2834;1001408
2835;657266
2836;993566
2837;2470608
2838;980969
2839;591647
2840;1767428
2841;1734660
2842;1164204
2843;1845638
2844;1685269
2845;357417
2846;1719444
2847;1810426
2848;1222892
2849;1569917
2850;3581763
2851;1160225
2852;324654
2853;722596
2854;1869694
2855;1734066
2856;3597693
2857;990813
2858;1681450
2859;874847
2860;1720579
2861;1756143
2862;546225
2863;973846
2864;801816
2865;1596768
2866;2003026
2867;1268168
2868;858784
2869;1408894
2870;122246
2871;1574484
2872;1205405
2873;1350912
2874;1013720
2875;1174121
2876;1066256
2877;273798
2878;995812
2879;1682744
2880;1042177
2881;813116
2882;1159171
2883;659859
2884;1642796
2885;1203308
2886;3271002
2887;768820
2888;1079463
2889;1777379
2890;1764018
2891;983877
2892;1295757
2893;588680
2894;1313668
2895;116816
2896;2795916
2897;1360586
2898;650430
2899;1606047
2900;2136351
2901;1225535
2902;1475683
2903;1017944
2904;1357275
2905;1931233
2906;834421
2907;746955
2908;1255711
2909;927064
2910;1005500
2911;1656449
2912;790013
2913;1845276
2914;2018040
2915;1191969
2916;1500079
2917;2249335
2918;1573440
2919;1222216
2920;426740
2921;3128575
2922;988382
2923;729958
2924;1195444
2925;854708
2926;1429137
2927;2002596
2928;569344
2929;56750
2930;162763
2931;1762937
2932;2105466
2933;1794428
2934;1521316
2935;900301
2936;1012433
2937;1991752
2938;1430368
2939;790404
2940;2366758
2941;471134
2942;1156798
2943;667217
2944;1152817
2945;2031070
2946;486774
2947;366455
2948;819807
2949;2396385
2950;1715705
2951;1173766
2952;1148457
2953;1714341
2954;2341944
2955;2472874
2956;768987
2957;1057407
2958;1455936
2959;1612850
2960;1709727
2961;1052988
2962;298816
2963;1720055
2964;604312
2965;1234395
2966;581985
2967;1292905
2968;1553716
2969;437956
2970;1670859
2971;2082263
2972;1272010
2973;2052325
2974;1026432
2975;2267192
2976;1706938
2977;1383042
2978;1335757
2979;461393
2980;672904
2981;4344041
2982;489992
2983;574544
2984;495806
2985;218298
2986;2229058
2987;842037
2988;1653849
2989;1472103
2990;1434729
2991;382139
2992;978720
2993;1870872
2994;795613
2995;1381927
2996;767229
2997;684736
2998;930856
2999;992613
3000;3533036
3001;1651715
3002;2557690
3003;2001436
3004;1982953
3005;970487
3006;437318
3007;1326411
3008;864677
3009;1743400
3010;2215132
3011;2239239
3012;1545863
3013;1755650
3014;1768883
3015;1787110
3016;119616
3017;746474
3018;415778
3019;920215
3020;859033
3021;2030025
3022;2232551
3023;1093747
3024;1578746
3025;555529
3026;833357
3027;2002191
3028;678581
3029;2180750
3030;1070365
3031;2870405
3032;1309000
3033;486191
3034;710324
3035;524830
3036;1131060
3037;572390
3038;396784
3039;2526867
3040;525360
3041;493607
3042;247266
3043;1788784
3044;698068
3045;1308719
3046;880100
3047;1188234
3048;1536137
3049;348972
3050;765116
3051;2106144
3052;985056
3053;407488
3054;1205552
3055;558271
3056;624279
3057;2222309
3058;1607116
3059;926850
3060;1007909
3061;1040464
3062;1765959
3063;1592982
3064;1370227
3065;1465835
3066;1448155
3067;650324
3068;1520050
3069;1551987
3070;682300
3071;825143
3072;748093
3073;1396862
3074;812007
3075;872125
3076;138566
3077;1440966
3078;1291935
3079;901067
3080;1717209
3081;979763
3082;1025894
3083;1335195
3084;1535569
3085;1695800
3086;543946
3087;499070
3088;668463
3089;931445
3090;926049
3091;1115717
3092;1093898
3093;1698785
3094;1223057
3095;1042457
3096;538749
3097;1848798
3098;2356871
3099;657902
3100;1691196
3101;1993387
3102;643190
3103;808716
3104;3004140
3105;808385
3106;1059005
3107;825645
3108;3751035
3109;1071477
3110;1979624
3111;734946
3112;1342800
3113;331536
3114;1580282
3115;207006
3116;1268128
3117;1797691
3118;1392158
3119;758691
3120;1119166
3121;1285482
3122;1719846
3123;591386
3124;2312295
3125;2234766
3126;1194849
3127;1772630
3128;987403
3129;2675455
3130;1143211
3131;2602655
3132;1124841
3133;802049
3134;505097
3135;1189483
3136;947545
3137;1360372
3138;1149325
3139;868834
3140;1301368
3141;1094931
3142;2028776
3143;1425948
3144;1857313
3145;2471273
3146;378671
3147;1428349
3148;2381500
3149;977568
3150;1286629
3151;933459
3152;2583303
3153;698795
3154;2745757
3155;1344629
3156;920101
3157;511017
3158;1837964
3159;1635290
3160;985960
3161;1020765
3162;2033567
3163;1481335
3164;1543406
3165;2038975
3166;453208
3167;813393
3168;931453
3169;1179889
3170;1999285
3171;1120923
3172;1589402
3173;684770
3174;1542665
3175;1168849
3176;1820979
3177;372015
3178;1165325
3179;468743
3180;1497313
3181;3118848
3182;2251380
3183;1948740
3184;1249291
3185;2937037
3186;1114201
3187;702874
3188;1554800
3189;315450
3190;1040489
3191;374318
3192;1189047
3193;2138137
3194;3694722
3195;2685147
3196;2493093
3197;2093390
3198;1586281
3199;959842
3200;1133824
3201;1906912
3202;386057
3203;1163280
3204;1414561
3205;1653273
3206;877807
3207;1919328
3208;1050103
3209;961894
3210;1398873
3211;2845133
3212;2591100
3213;1895670
3214;384975
3215;738254
3216;1050539
3217;1336463
3218;665310
3219;1868573
3220;2123286
3221;3979811
3222;1862700
3223;1492150
3224;2844640
3225;1859747
3226;387903
3227;1508960
3228;1575635
3229;668445
3230;2206331
3231;600880
3232;2356278
3233;1291376
3234;1897836
3235;1547954
3236;837000
3237;1303130
3238;2063145
3239;381867
3240;1530396
3241;703286
3242;1188103
3243;1012638
3244;794484
3245;2078366
3246;3064823
3247;1189552
3248;709605
3249;784046
3250;1423229
3251;810886
3252;1113668
3253;1224428
3254;1323390
3255;1127501
3256;736892
3257;2584906
3258;1797513
3259;950255
3260;1014721
3261;572876
3262;1187595
3263;1409820
3264;2771202
3265;1657267
3266;1228610
3267;1819371
3268;1678002
3269;1599768
3270;2903910
3271;713081
3272;1157776
3273;1373919
3274;2022274
3275;893739
3276;1313598
3277;1415596
3278;1974558
3279;1589851
3280;1624850
3281;1075013
3282;1258053
3283;1511145
3284;2389856
3285;640610
3286;798786
3287;347990
3288;1283297
3289;2140156
3290;1423346
3291;826400
3292;212139
3293;3085803
3294;1964140
3295;1299397
3296;967138
3297;781625
3298;677456
3299;463809
3300;449472
3301;1847967
3302;310104
3303;1488159
3304;436822
3305;493739
3306;1699178
3307;770446
3308;878782
3309;755268
3310;962530
3311;1905100
3312;2356700
3313;2531110
3314;1470729
3315;1323816
3316;1314403
3317;464185
3318;423424
3319;1033064
3320;891433
3321;1341067
3322;766273
3323;2358869
3324;882953
3325;1856301
3326;1642572
3327;1209820
3328;631183
3329;2138291
3330;1611942
3331;1543200
3332;2287989
3333;1624603
3334;1911487
3335;947308
3336;569023
3337;1617850
3338;2312331
3339;1782854
3340;1680798
3341;1119950
3342;3657383
3343;759423
3344;2042279
3345;925958
3346;1515248
3347;1229429
3348;2614560
3349;787777
3350;457532
3351;1142169
3352;2117033
3353;796871
3354;836508
3355;1945956
3356;1785967
3357;746387
3358;711472
3359;1229462
3360;958659
3361;2146491
3362;1058705
3363;513775
3364;1278065
3365;1234513
3366;2839848
3367;1890013
3368;2098278
3369;191772
3370;1567975
3371;1200474
3372;446966
3373;1014263
3374;1632248
3375;1385348
3376;589634
3377;1729973
3378;2198010
3379;1275077
3380;319605
3381;1379645
3382;889395
3383;2124596
3384;1333666
3385;1207603
3386;1174003
3387;3368139
3388;2654437
3389;849958
3390;1663748
3391;1329990
3392;1204976
3393;1218149
3394;1601018
3395;1527629
3396;1045789
3397;1286344
3398;833971
3399;2048478
3400;1121835
3401;189380
3402;993965
3403;628033
3404;1249910
3405;1272112
3406;1538540
3407;275936
3408;2154466
3409;694049
3410;818060
3411;1872251
3412;400804
3413;1940581
3414;1198853
3415;958490
3416;3580850
3417;1148728
3418;1141045
3419;1252077
3420;911325
3421;1022314
3422;1481127
3423;1458920
3424;1087723
3425;1955910
3426;1192388
3427;5649
3428;870160
3429;997122
3430;409536
3431;1009405
3432;1536344
3433;727701
3434;3304642
3435;1133028
3436;514036
3437;1452113
3438;1944141
3439;3034466
3440;847016
3441;2335816
3442;1958696
3443;770314
3444;2450073
3445;931933
3446;1258875
3447;1853191
3448;2474146
3449;710990
3450;2093551
3451;2099913
3452;2517901
3453;1365218
3454;1420565
3455;2256550
3456;922309
3457;546042
3458;1462874
3459;185069
3460;1566881
3461;792820
3462;1202205
3463;1656357
3464;1568163
3465;876472
3466;1948447
3467;1983806
3468;1041932
3469;627846
3470;1437633
3471;1354369
3472;1386535
3473;2216611
3474;1450344
3475;1643708
3476;2806553
3477;899007
3478;1403271
3479;1594505
3480;1058398
3481;1492291
3482;1950883
3483;544352
3484;156144
3485;1316304
3486;1102369
3487;1050760
3488;1557032
3489;1150482
3490;2309537
3491;702991
3492;793118
3493;1369912
3494;646156
3495;2449464
3496;1487124
3497;2027409
3498;2286855
3499;1488833
3500;1394782
3501;1449202
3502;1368769
3503;598020
3504;1234942
3505;1463357
3506;757885
3507;669154
3508;1267696
3509;260316
3510;2346005
3511;2035120
3512;927520
3513;2296989
3514;1331777
3515;2102593
3516;3285585
3517;1712207
3518;2151337
3519;1325644
3520;1814994
3521;2270972
3522;1257208
3523;1969470
3524;889821
3525;920371
3526;1759416
3527;1053756
3528;2420509
3529;1371108
3530;1265698
3531;1445616
3532;271205
3533;904490
3534;1984032
3535;1767406
3536;1825288
3537;1117082
3538;2105864
3539;3643972
3540;822990
3541;668645
3542;1354823
3543;805657
3544;1150459
3545;1259326
3546;1245766
3547;1726077
3548;3403298
3549;1089013
3550;2014784
3551;1575573
3552;1057248
3553;2419759
3554;523329
3555;609682
3556;1361876
3557;611088
3558;1238452
3559;1091926
3560;1638032
3561;1257655
3562;843253
3563;716587
3564;602108
3565;1155527
3566;1534450
3567;1561854
3568;815129
3569;3289110
3570;827781
3571;1246922
3572;1401332
3573;1191098
3574;1100096
3575;1672415
3576;2121062
3577;1603960
3578;1635068
3579;771549
3580;2034233
3581;1452789
3582;1161743
3583;1948147
3584;2003885
3585;1387437
3586;860437
3587;1972138
3588;2097233
3589;2119460
3590;1336026
3591;1138105
3592;1041457
3593;1253400
3594;845394
3595;316074
3596;1996092
3597;1401273
3598;1824848
3599;1068854
3600;1479904
3601;852329
3602;1982891
3603;660462
3604;1201239
3605;995058
3606;1086052
3607;1481344
3608;704096
3609;981069
3610;925753
3611;2101937
3612;1073672
3613;1058130
3614;1999290
3615;2470988
3616;1022684
3617;893547
3618;1470992
3619;1553387
3620;2107498
3621;149463
3622;1021466
3623;1252109
3624;1803251
3625;910108
3626;1069578
3627;406241
3628;654520
3629;1284496
3630;1215268
3631;828932
3632;872596
3633;2060735
3634;1053333
3635;3281284
3636;2285932
3637;967674
3638;3013435
3639;1244313
3640;484671
3641;1491398
3642;1153591
3643;2213472
3644;784370
3645;2379441
3646;1909153
3647;1206185
3648;305169
3649;1482972
3650;429639
3651;1718428
3652;720560
3653;1262571
3654;709027
3655;1126756
3656;199077
3657;1127691
3658;3550167
3659;1523797
3660;730657
3661;876187
3662;948394
3663;1797296
3664;1004063
3665;2353805
3666;755605
3667;2074511
3668;1823111
3669;1005332
3670;654697
3671;2519250
3672;3775753
3673;1651925
3674;1872811
3675;949760
3676;1458696
3677;2815087
3678;863631
3679;492657
3680;1406816
3681;2546807
3682;1004430
3683;1086329
3684;1259836
3685;138311
3686;1049300
3687;3581772
3688;3260259
3689;2046218
3690;991818
3691;2975636
3692;1276175
3693;1058164
3694;1800483
3695;907284
3696;2478238
3697;1096854
3698;982831
3699;1684236
3700;1003688
3701;592498
3702;1956364
3703;1068932
3704;1936113
3705;1148645
3706;1745760
3707;1835831
3708;1145349
3709;1453284
3710;2390289
3711;1383391
3712;1602342
3713;354616
3714;2099004
3715;1313416
3716;1841705
3717;1377620
3718;1048456
3719;1964367
3720;1133475
3721;671346
3722;686392
3723;944058
3724;1114902
3725;2378816
3726;1734523
3727;1374887
3728;1673003
3729;1453100
3730;686784
3731;1170193
3732;819983
3733;1389187
3734;3925480
3735;749917
3736;2814095
3737;1039785
3738;324994
3739;2216838
3740;799447
3741;948391
3742;1062122
3743;998255
3744;1923450
3745;1214849
3746;997029
3747;934227
3748;2496989
3749;931525
3750;2536150
3751;498703
3752;2258316
3753;1141103
3754;1003690
3755;1519820
3756;1122230
3757;532491
3758;2722857
3759;628464
3760;160303
3761;1240827
3762;534475
3763;1856398
3764;1399586
3765;1773074
3766;744500
3767;1592405
3768;672150
3769;1032488
3770;894422
3771;1774131
3772;1329349
3773;696694
3774;1582285
3775;1391559
3776;3171080
3777;903789
3778;840949
3779;828267
3780;728756
3781;1166564
3782;582191
3783;2116730
3784;1602805
3785;1267328
3786;857328
3787;1768512
3788;324274
3789;258609
3790;1441896
3791;189674
3792;1737837
3793;1685331
3794;1404810
3795;563147
3796;2126436
3797;1973730
3798;2388214
3799;1643910
3800;772153
3801;1749100
3802;1406925
3803;2366347
3804;1654572
3805;1090164
3806;1264632
3807;835940
3808;923075
3809;1765438
3810;576665
3811;574601
3812;2861852
3813;1061864
3814;884019
3815;1173523
3816;394304
3817;1303924
3818;1367777
3819;2055090
3820;1856107
3821;1139910
3822;807377
3823;662489
3824;1795507
3825;746323
3826;468231
3827;1545460
3828;2016528
3829;968708
3830;4085730
3831;2245798
3832;2070966
3833;953031
3834;773079
3835;2442175
3836;1207700
3837;1466293
3838;1552956
3839;912098
3840;1858279
3841;360421
3842;4197338
3843;1802557
3844;999747
3845;1386827
3846;2162977
3847;1060877
3848;1954357
3849;2145555
3850;1379167
3851;2018509
3852;719769
3853;2557168
3854;2249452
3855;1759539
3856;1988146
3857;1277162
3858;1415804
3859;1018075
3860;2241191
3861;997404
3862;1964600
3863;1404955
3864;1984089
3865;3489272
3866;1774895
3867;1173367
3868;816801
3869;2015039
3870;419379
3871;835370
3872;2625183
3873;2307025
3874;1249929
3875;2455942
3876;2273654
3877;467019
3878;710078
3879;1361614
3880;1239193
3881;1947880
3882;1638534
3883;1489761
3884;2708135
3885;359825
3886;1937989
3887;1125683
3888;1953322
3889;356073
3890;2397746
3891;1805290
3892;1646000
3893;941789
3894;1128557
3895;1099727
3896;1028748
3897;908076
3898;2063697
3899;2941729
3900;1138581
3901;3124465
3902;2656109
3903;2843646
3904;2285350
3905;1840026
3906;859766
3907;1667155
3908;2283857
3909;1042895
3910;453217
3911;788440
3912;913948
3913;1678783
3914;565332
3915;1549391
3916;1239552
3917;708793
3918;2364359
3919;1529993
3920;1141920
3921;278150
3922;2299157
3923;820551
3924;1011935
3925;1245953
3926;708064
3927;1810156
3928;1115163
3929;1632109
3930;2986202
3931;1776068
3932;753051
3933;1604188
3934;2546032
3935;855542
3936;1867149
3937;2847819
3938;667636
3939;1000715
3940;1375726
3941;1414887
3942;1590654
3943;1730126
3944;2010435
3945;1471538
3946;1823464
3947;2527572
3948;867531
3949;2220578
3950;2128850
3951;367328
3952;700500
3953;806791
3954;3189781
3955;1380990
3956;1022871
3957;180283
3958;6333762
3959;1989322
3960;456785
3961;3700153
3962;1052324
3963;605978
3964;1198667
3965;951814
3966;1143064
3967;1536250
3968;929405
3969;1865433
3970;3260569
3971;1938522
3972;1120403
3973;3031360
3974;715280
3975;618129
3976;1406370
3977;757817
3978;318825
3979;1079062
3980;1235200
3981;798763
3982;1058546
3983;1846830
3984;1217088
3985;1051734
3986;1756344
3987;2486496
3988;2866390
3989;1407915
3990;258482
3991;1631367
3992;836713
3993;1286088
3994;300733
3995;2211318
3996;970810
3997;1079516
3998;941182
3999;678969
4000;845716
4001;1592218
4002;3014741
4003;1100201
4004;3015141
4005;1364689
4006;1755356
4007;1537733
4008;1232904
4009;2264817
4010;1773659
4011;2020040
4012;708954
4013;739955
4014;1096442
4015;1186232
4016;151261
4017;1872781
4018;930198
4019;2078586
4020;771731
4021;2316893
4022;877669
4023;533617
4024;556756
4025;2947988
4026;1034047
4027;1437452
4028;1174000
4029;2027793
4030;1655200
4031;2039105
4032;2314918
4033;2144388
4034;2243202
4035;1786317
4036;2206501
4037;992441
4038;236635
4039;717604
4040;672130
4041;1675905
4042;1333881
4043;1543836
4044;841551
4045;1692878
4046;1062970
4047;932344
4048;1561371
4049;1005870
4050;2621814
4051;1098503
4052;1046847
4053;541626
4054;1867348
4055;872348
4056;978916
4057;1956603
4058;426679
4059;1703930
4060;2078713
4061;1404351
4062;734360
4063;1328720
4064;490530
4065;1556853
4066;1684082
4067;1560651
4068;2261461
4069;760817
4070;2430340
4071;2675180
4072;570180
4073;3420639
4074;1279938
4075;144100
4076;748431
4077;2101368
4078;2308722
4079;846982
4080;1338579
4081;722591
4082;1989234
4083;1772244
4084;1832540
4085;620657
4086;1189754
4087;745113
4088;761350
4089;1021518
4090;402830
4091;1474028
4092;1973500
4093;828485
4094;593923
4095;1823971
4096;1424469
4097;3342841
4098;3363001
4099;963974
4100;3245921
4101;693596
4102;1647080
4103;1704964
4104;1480720
4105;2002654
4106;2413556
4107;955011
4108;491971
4109;1164829
4110;577388
4111;1859575
4112;1577249
4113;1624720
4114;1297160
4115;1173281
4116;539483
4117;807145
4118;382788
4119;386719
4120;2509926
4121;907610
4122;858172
4123;609017
4124;362868
4125;882891
4126;1492048
4127;1837111
4128;841407
4129;971256
4130;1317908
4131;1055728
4132;445708
4133;2218055
4134;228061
4135;1736340
4136;1975088
4137;964268
4138;77037
4139;2671846
4140;1786126
4141;1932920
4142;609116
4143;366022
4144;924056
4145;1783182
4146;1242761
4147;1452355
4148;737769
4149;1426740
4150;843044
4151;1698291
4152;1517154
4153;1406174
4154;1653971
4155;847187
4156;3507674
4157;830710
4158;919905
4159;3632634
4160;2233561
4161;754848
4162;1541460
4163;661184
4164;1243189
4165;977718
4166;2681709
4167;1415954
4168;2128956
4169;1181908
4170;534089
4171;1499232
4172;1289170
4173;930596
4174;1156069
4175;283857
4176;1527013
4177;1243524
4178;886393
4179;1634537
4180;1629479
4181;804050
4182;939095
4183;1094350
4184;422186
4185;1314151
4186;3009231
4187;670973
4188;364311
4189;1259544
4190;1841284
4191;860294
4192;1747056
4193;2053590
4194;689592
4195;3933020
4196;2705194
4197;1678377
4198;1110796
4199;1277101
4200;1828041
4201;613906
4202;1042680
4203;1575190
4204;2561715
4205;3011350
4206;775467
4207;1190791
4208;896516
4209;1023514
4210;1646156
4211;605839
4212;1846570
4213;1578544
4214;928461
4215;910310
4216;1861711
4217;1101015
4218;1304680
4219;2639216
4220;1131425
4221;1026830
4222;959540
4223;1416502
4224;83819
4225;2236788
4226;1021612
4227;1647431
4228;148200
4229;1106407
4230;1324356
4231;2375777
4232;739215
4233;553689
4234;906207
4235;2575626
4236;2086416
4237;545190
4238;1367324
4239;2385801
4240;2022548
4241;774885
4242;2783744
4243;2087268
4244;1312009
4245;852784
4246;354856
4247;791070
4248;1682931
4249;2123551
4250;3208980
4251;643846
4252;661962
4253;76855
4254;1188883
4255;1298825
4256;2510406
4257;1189518
4258;2974387
4259;616623
4260;944212
4261;1273850
4262;1500292
4263;1363326
4264;463854
4265;476937
4266;1952044
4267;389031
4268;1223611
4269;1685052
4270;2233176
4271;807205
4272;2268987
4273;939021
4274;2649265
4275;528470
4276;3422554
4277;2318600
4278;1890503
4279;2357944
4280;1528740
4281;1337424
4282;2570105
4283;2463744
4284;2738158
4285;1283666
4286;1522325
4287;561579
4288;1335843
4289;1180653
4290;1205657
4291;721684
4292;1374764
4293;2874257
4294;1665929
4295;2018903
4296;2284271
4297;2183896
4298;2192328
4299;1144201
4300;719643
4301;2846741
4302;1687232
4303;1347415
4304;872678
4305;1708057
4306;1559681
4307;1430047
4308;723915
4309;1691448
4310;917813
4311;551907
4312;1714814
4313;2166021
4314;1632905
4315;2929430
4316;1322023
4317;859950
4318;1626368
4319;1235525
4320;901084
4321;1766615
4322;968057
4323;1036859
4324;1333983
4325;807249
4326;2547475
4327;706973
4328;934973
4329;354052
4330;2753169
4331;2083728
4332;1096392
4333;870045
4334;1889430
4335;917038
4336;744203
4337;1060547
4338;2319954
4339;701171
4340;1163557
4341;1475125
4342;1570981
4343;551171
4344;2003875
4345;1622128
4346;2785964
4347;1249119
4348;2138588
4349;1150691
4350;500487
4351;505896
4352;1332493
4353;913352
4354;925586
4355;415279
4356;1010866
4357;2225192
4358;1195637
4359;3211201
4360;1482393
4361;1588560
4362;1250689
4363;414205
4364;1377224
4365;362189
4366;1002652
4367;1296620
4368;1692798
4369;1984310
4370;1955692
4371;568910
4372;1115554
4373;1044035
4374;207535
4375;2043625
4376;2300158
4377;1392965
4378;1318460
4379;575330
4380;1666674
4381;582429
4382;517785
4383;3752195
4384;1435000
4385;1609619
4386;553485
4387;384945
4388;1075804
4389;945354
4390;2080844
4391;209411
4392;872119
4393;1588981
4394;633998
4395;2034129
4396;506664
4397;1907787
4398;1644578
4399;1676338
4400;536100
4401;944246
4402;1068063
4403;1128742
4404;2089190
4405;1780657
4406;946400
4407;2850768
4408;1160865
4409;1511737
4410;1960549
4411;1179937
4412;722100
4413;2103375
4414;1204424
4415;1659886
4416;1233842
4417;722383
4418;1532212
4419;2269624
4420;1290350
4421;1245564
4422;1160009
4423;1652242
4424;555876
4425;2666735
4426;1857131
4427;509620
4428;379587
4429;1086692
4430;2641853
4431;369557
4432;865716
4433;546524
4434;1705853
4435;830355
4436;700300
4437;281323
4438;723257
4439;825730
4440;1365873
4441;1618742
4442;1547963
4443;1304998
4444;1644780
4445;1687572
4446;2125082
4447;672329
4448;1652008
4449;593664
4450;1446225
4451;1650786
4452;1047213
4453;1016949
4454;1574862
4455;873145
4456;1598452
4457;2237369
4458;791986
4459;2201798
4460;1882588
4461;1620784
4462;996218
4463;736228
4464;218823
4465;1050953
4466;866685
4467;802838
4468;2030963
4469;2651185
4470;1520075
4471;1347306
4472;1904518
4473;1775807
4474;971211
4475;1081204
4476;1193069
4477;1671717
4478;1692680
4479;1020577
4480;2203065
4481;1644816
4482;962927
4483;581316
4484;1268627
4485;545589
4486;760297
4487;1614742
4488;2015349
4489;2502665
4490;660970
4491;964794
4492;806991
4493;765194
4494;710682
4495;1914133
4496;2119305
4497;1304728
4498;1226416
4499;910131
4500;3690756
4501;199712
4502;923458
4503;372457
4504;994098
4505;1540622
4506;481879
4507;419851
4508;2392648
4509;943377
4510;3553439
4511;1458534
4512;1108750
4513;1867991
4514;1115058
4515;740378
4516;1602031
4517;1723332
4518;2043586
4519;957114
4520;1608511
4521;847527
4522;1102706
4523;2137375
4524;945258
4525;471275
4526;552253
4527;1648420
4528;1100225
4529;478050
4530;1221647
4531;1395581
4532;2690580
4533;1376253
4534;1684391
4535;3100134
4536;1231619
4537;210640
4538;1861982
4539;122401
4540;1219555
4541;1201596
4542;1208083
4543;1592863
4544;2533267
4545;1578878
4546;1716813
4547;1145531
4548;1953123
4549;2859751
4550;1398373
4551;1142159
4552;690424
4553;1126951
4554;1302327
4555;710079
4556;28468
4557;1428925
4558;2314435
4559;1486035
4560;1340987
4561;1389320
4562;918333
4563;533645
4564;744970
4565;2848893
4566;2470757
4567;319720
4568;1798546
4569;942959
4570;1666620
4571;877282
4572;1978409
4573;1991750
4574;1679749
4575;3063166
4576;2133605
4577;840177
4578;1121559
4579;1058878
4580;1259886
4581;319393
4582;976562
4583;744985
4584;940445
4585;3088995
4586;1456560
4587;1084651
4588;1569276
4589;1504619
4590;1358386
4591;875213
4592;663510
4593;2352607
4594;1879108
4595;1133843
4596;2615638
4597;764009
4598;1616593
4599;1629665
4600;329893
4601;2073675
4602;1713427
4603;634067
4604;984090
4605;536746
4606;1025537
4607;1167305
4608;1751259
4609;1864273
4610;2095428
4611;2390988
4612;3829076
4613;1727497
4614;2099125
4615;1949262
4616;1584834
4617;1025460
4618;876773
4619;1829970
4620;1248410
4621;900079
4622;2080181
4623;1092026
4624;2282402
4625;2870996
4626;1060455
4627;1257207
4628;2022563
4629;725385
4630;967431
4631;1145695
4632;529456
4633;1269933
4634;1127685
4635;1091290
4636;3205422
4637;857506
4638;687851
4639;2345966
4640;606598
4641;2426175
4642;684700
4643;462175
4644;2242690
4645;315573
4646;1647040
4647;2482604
4648;1436690
4649;1878044
4650;2260691
4651;1253784
4652;1408055
4653;800480
4654;841018
4655;326950
4656;1653336
4657;1759758
4658;1695659
4659;513132
4660;1956689
4661;958748
4662;784366
4663;1165091
4664;1542439
4665;2087564
4666;1451538
4667;3111752
4668;1026003
4669;1335789
4670;1310655
4671;1936919
4672;1036995
4673;1546396
4674;1628754
4675;519411
4676;2224123
4677;605056
4678;1029786
4679;1110639
4680;1208566
4681;2263141
4682;1232962
4683;1542428
4684;1263090
4685;178489
4686;1906256
4687;1238193
4688;970903
4689;2127138
4690;478698
4691;831529
4692;2037597
4693;1495406
4694;2093710
4695;818559
4696;402061
4697;1107917
4698;1297801
4699;1966683
4700;632480
4701;2151895
4702;1347341
4703;1049800
4704;859728
4705;183635
4706;489558
4707;1378726
4708;617565
4709;1233023
4710;1066534
4711;1399717
4712;1301904
4713;1292217
4714;634643
4715;1434019
4716;711240
4717;1442318
4718;1145497
4719;343408
4720;822632
4721;2447964
4722;2437164
4723;1485726
4724;357885
4725;757719
4726;1280568
4727;856395
4728;1140457
4729;1314857
4730;2440870
4731;1790375
4732;970278
4733;1694323
4734;1848775
4735;1903326
4736;566830
4737;1954802
4738;888159
4739;2765772
4740;1003049
4741;617518
4742;1406839
4743;1241983
4744;2731690
4745;899468
4746;1259991
4747;3332152
4748;1035059
4749;2025414
4750;1329614
4751;836007
4752;2334101
4753;708105
4754;2041074
4755;1285209
4756;801662
4757;1983200
4758;1219870
4759;926876
4760;166054
4761;825536
4762;1314458
4763;1000466
4764;733886
4765;1500292
4766;274304
4767;701997
4768;1622322
4769;400985
4770;1381394
4771;2451581
4772;1215180
4773;1427582
4774;1026594
4775;2777803
4776;1478844
4777;1335246
4778;1170278
4779;1230080
4780;175287
4781;1490900
4782;2257577
4783;1449410
4784;1853391
4785;776633
4786;815031
4787;2048950
4788;319376
4789;3355903
4790;2059835
4791;893901
4792;813225
4793;1293429
4794;2190924
4795;2008683
4796;1606951
4797;1376984
4798;1637904
4799;790808
4800;1569896
4801;1015319
4802;1833500
4803;1678203
4804;1193050
4805;1954767
4806;1165610
4807;1912311
4808;1833682
4809;1699152
4810;979334
4811;470682
4812;1643032
4813;488114
4814;558064
4815;2062509
4816;1920587
4817;1313938
4818;1066987
4819;1852203
4820;1507913
4821;1536212
4822;1358573
4823;525625
4824;2032955
4825;1331983
4826;1407762
4827;1886040
4828;951761
4829;972388
4830;1882195
4831;1120427
4832;1175030
4833;851703
4834;1282102
4835;575602
4836;1227963
4837;1438853
4838;1667382
4839;697832
4840;1112188
4841;2760013
4842;1373647
4843;1261845
4844;1780818
4845;887860
4846;1025421
4847;145780
4848;2322833
4849;889706
4850;1566790
4851;900360
4852;1576025
4853;773471
4854;816730
4855;548021
4856;2294097
4857;1741782
4858;966937
4859;1894275
4860;725117
4861;2329035
4862;659336
4863;2532108
4864;636367
4865;1261469
4866;1892188
4867;1342984
4868;1601677
4869;389600
4870;540320
4871;1539661
4872;917181
4873;1104203
4874;863193
4875;2455133
4876;1440450
4877;613423
4878;884200
4879;1416911
4880;1506109
4881;649241
4882;522837
4883;1485459
4884;2006290
4885;1162816
4886;1532462
4887;1358492
4888;1773862
4889;2209088
4890;58945
4891;2471632
4892;965092
4893;2643611
4894;1816786
4895;1291096
4896;438436
4897;1132060
4898;605790
4899;2741068
4900;2592600
4901;1618193
4902;1280411
4903;3847056
4904;1218278
4905;833066
4906;3562720
4907;214592
4908;2579845
4909;1004160
4910;1578608
4911;1550158
4912;437082
4913;1214127
4914;1436993
4915;688550
4916;1824065
4917;2229474
4918;323843
4919;1170743
4920;675715
4921;1674386
4922;538307
4923;1376891
4924;569914
4925;3034370
4926;177491
4927;2366162
4928;920522
4929;777553
4930;151907
4931;825418
4932;1128953
4933;755086
4934;1002093
4935;1683159
4936;1592706
4937;1398657
4938;998435
4939;572220
4940;867518
4941;887781
4942;719083
4943;2417151
4944;720455
4945;2086698
4946;462812
4947;736507
4948;1551556
4949;1113358
4950;2386819
4951;799955
4952;685943
4953;2580333
4954;2640863
4955;875740
4956;2220226
4957;1127717
4958;1903935
4959;424395
4960;1734164
4961;1901715
4962;257360
4963;870832
4964;974816
4965;593980
4966;1247579
4967;110342
4968;992002
4969;1233011
4970;609384
4971;883298
4972;1380090
4973;1128481
4974;1880972
4975;1702983
4976;390127
4977;653839
4978;710096
4979;1582614
4980;213243
4981;2285690
4982;1157795
4983;489604
4984;1877780
4985;1396531
4986;1859846
4987;1437961
4988;841090
4989;1641305
4990;931393
4991;1465242
4992;2527846
4993;1617071
4994;456400
4995;1523820
4996;971536
4997;2266152
4998;355445
4999;670590
