0;11541
1;15475
2;657427
3;11580
4;12500
5;13390
6;14618
7;12708
8;11238
9;12620
10;13318
11;13737
12;11262
13;480950
14;11054
15;562968
16;653407
17;829423
18;19792
19;527309
20;12146
21;12127
22;12021
23;15107
24;14833
25;13457
26;12900
27;10271
28;10423
29;16112
30;11240
31;14130
32;71600
33;513075
34;14233
35;13650
36;14142
37;5176100
38;10590
39;11709
40;12552
41;455591
42;12200
43;477750
44;11016
45;13591
46;11507
47;10288
48;11366
49;791653
50;10607
51;11808
52;12245
53;20207
54;4303845
55;11925
56;11736
57;12850
58;11545
59;747755
60;20685
61;895344
62;14116
63;18266
64;14076
65;13891
66;11075
67;11128
68;12480
69;12438
70;14250
71;12991
72;12183
73;385466
74;12372
75;1840400
76;596281
77;12442
78;13400
79;12345
80;13272
81;12611
82;15082
83;12412
84;15825
85;801333
86;10400
87;11183
88;726809
89;615461
90;12575
91;12077
92;11050
93;12166
94;12145
95;12623
96;10900
97;11450
98;584950
99;12086
100;13611
101;14035
102;12536
103;11890
104;11000
105;14642
106;418135
107;9355
108;14880
109;12010
110;637127
111;10836
112;4033209
113;13141
114;13433
115;385640
116;1720018
117;11407
118;701520
119;23137
120;12145
121;21590
122;12990
123;607525
124;812509
125;849180
126;11510
127;4435970
128;12366
129;14054
130;10120
131;15764
132;11821
133;661385
134;362700
135;9575
136;12985
137;393600
138;12086
139;13771
140;1306200
141;776837
142;725545
143;12400
144;11830
145;15621
146;1454730
147;11544
148;15054
149;20383
150;539957
151;14350
152;11900
153;12531
154;13615
155;11583
156;12761
157;12046
158;12473
159;4029600
160;11980
161;472845
162;12516
163;541375
164;1519445
165;10538
166;710272
167;11454
168;12784
169;13233
170;541415
171;12366
172;642743
173;411084
174;537546
175;11260
176;12021
177;14327
178;629733
179;331047
180;13640
181;12980
182;21473
183;781142
184;355600
185;12377
186;13385
187;10190
188;10800
189;418531
190;11761
191;717488
192;523700
193;532985
194;14523
195;376505
196;559983
197;372560
198;881681
199;14358
200;12237
201;402868
202;508927
203;820000
204;925162
205;304128
206;11454
207;1632620
208;576806
209;1300830
210;11533
211;12980
212;13366
213;1487923
214;12333
215;466292
216;826471
217;737128
218;11333
219;665788
220;11250
221;509550
222;11057
223;669776
224;850920
225;565441
226;13668
227;13000
228;783811
229;16153
230;1129916
231;12877
232;1604907
233;836650
234;12177
235;12700
236;14800
237;1054900
238;13150
239;448793
240;12544
241;11271
242;638040
243;13245
244;11285
245;10350
246;742122
247;10710
248;671310
249;11872
250;804138
251;11936
252;11557
253;12207
254;13680
255;13688
256;11814
257;13850
258;740425
259;12493
260;11700
261;11600
262;963855
263;13300
264;12500
265;15900
266;12509
267;402476
268;16187
269;1922100
270;10320
271;276645
272;1563560
273;24163
274;404381
275;510533
276;14233
277;487140
278;1290325
279;5511914
280;752555
281;1612133
282;12469
283;936242
284;382800
285;15176
286;589246
287;12907
288;11964
289;705330
290;13681
291;18478
292;12800
293;697866
294;14633
295;13044
296;14345
297;1565737
298;12954
299;473492
300;11440
301;11700
302;303811
303;1256557
304;966216
305;12385
306;736587
307;12462
308;16072
309;12150
310;2231645
311;755140
312;11885
313;13920
314;580307
315;12093
316;14053
317;3771594
318;13533
319;3303285
320;12707
321;669650
322;562573
323;530580
324;1470618
325;402073
326;485775
327;10878
328;890862
329;256930
330;11090
331;11020
332;748850
333;12118
334;306229
335;12380
336;13225
337;13088
338;11915
339;386269
340;1436709
341;508018
342;13100
343;840391
344;908921
345;767390
346;13900
347;232616
348;14211
349;11025
350;1493522
351;1422100
352;11600
353;12100
354;833337
355;13600
356;15210
357;12200
358;12013
359;1061050
360;13366
361;506162
362;13300
363;1418775
364;697762
365;13031
366;558778
367;12973
368;14186
369;388460
370;11526
371;17642
372;12764
373;1177087
374;12077
375;440508
376;397862
377;12688
378;2056388
379;593811
380;1533571
381;731400
382;13650
383;822162
384;12314
385;335123
386;556171
387;4084975
388;12880
389;11038
390;963055
391;421352
392;12193
393;13412
394;11316
395;12750
396;13380
397;580061
398;485591
399;805693
400;11727
401;853526
402;11263
403;11042
404;13023
405;702293
406;750990
407;11427
408;13257
409;10715
410;1051828
411;13257
412;418050
413;381426
414;13887
415;727813
416;978909
417;311200
418;829750
419;1406541
420;7314050
421;11257
422;23745
423;1337809
424;906725
425;705310
426;305941
427;13000
428;10964
429;619055
430;494164
431;12681
432;911757
433;596250
434;323988
435;11681
436;880700
437;917900
438;11360
439;623241
440;13660
441;494372
442;267104
443;571354
444;731800
445;11188
446;838736
447;766925
448;2096600
449;441871
450;13100
451;1218064
452;1132918
453;737594
454;1476728
455;1343386
456;12637
457;14760
458;298457
459;1206623
460;12155
461;979557
462;12444
463;1616863
464;12133
465;1197288
466;1029400
467;454757
468;17014
469;11762
470;699221
471;558823
472;12187
473;13112
474;11200
475;10162
476;12075
477;1586283
478;11480
479;470385
480;12525
481;730200
482;4724966
483;12300
484;11575
485;17057
486;10976
487;381633
488;13385
489;462961
490;501927
491;409207
492;558091
493;604516
494;445010
495;614670
496;13340
497;676444
498;529764
499;799257
500;21066
501;588950
502;619545
503;1040946
504;10533
505;11442
506;13450
507;1354786
508;12960
509;1627912
510;10780
511;1007614
512;12450
513;1300850
514;1139675
515;635369
516;1358888
517;429842
518;689077
519;1491620
520;1147781
521;935875
522;15962
523;791172
524;13742
525;1120669
526;920846
527;14736
528;10818
529;803811
530;12138
531;469346
532;1360330
533;1344920
534;2466106
535;1011600
536;12128
537;870600
538;1201685
539;1552212
540;309195
541;12637
542;506681
543;12477
544;526606
545;12787
546;1294345
547;1583100
548;12375
549;1159200
550;13384
551;537085
552;11346
553;991672
554;1581978
555;13100
556;1318471
557;704212
558;574550
559;818562
560;642553
561;456889
562;559816
563;1623637
564;370105
565;563810
566;1615064
567;13811
568;12155
569;14045928
570;1190730
571;1179960
572;13988
573;253705
574;693090
575;438407
576;579052
577;10022
578;617152
579;12891
580;12157
581;1181309
582;1000907
583;1222000
584;12946
585;486369
586;768133
587;895900
588;1786142
589;794075
590;12591
591;827825
592;6590688
593;2780588
594;439983
595;13380
596;1121856
597;1221400
598;14425
599;1479336
600;508761
601;596781
602;984676
603;1029612
604;2598838
605;637023
606;1644950
607;646061
608;12641
609;633823
610;1332923
611;13033
612;3680950
613;15309
614;12207
615;13315
616;12700
617;1058780
618;1027372
619;1355895
620;13536
621;1125645
622;336787
623;11518
624;13440
625;11338
626;562706
627;11080
628;581109
629;817557
630;959662
631;14412
632;1450356
633;11342
634;891646
635;792554
636;13880
637;12530
638;1048528
639;925984
640;4316564
641;1221625
642;2262309
643;772531
644;1755557
645;12653
646;2028700
647;671020
648;861443
649;486491
650;262113
651;973000
652;844550
653;485907
654;2020836
655;1009530
656;329261
657;687160
658;17317
659;1165200
660;527682
661;7409962
662;1133550
663;13918
664;11612
665;16144
666;1214536
667;13012
668;14837
669;1186070
670;1040028
671;402793
672;733900
673;1866518
674;553111
675;2657740
676;995392
677;484928
678;831680
679;12814
680;308806
681;915915
682;586360
683;973066
684;497792
685;14480
686;1302381
687;1801390
688;422938
689;15870
690;1362206
691;12154
692;729378
693;1442833
694;14080
695;1543337
696;12091
697;20408
698;623930
699;1305500
700;404530
701;898035
702;11358
703;586447
704;1012800
705;1213385
706;13736
707;796943
708;838157
709;13263
710;13972
711;1470837
712;1184680
713;782466
714;11723
715;9618
716;12416
717;1914792
718;1221425
719;5078716
720;833388
721;1104375
722;559066
723;1381050
724;420425
725;293093
726;325469
727;12326
728;552318
729;1284020
730;309781
731;1105763
732;2043375
733;12683
734;810660
735;541586
736;938537
737;1881506
738;688337
739;489000
740;575166
741;848125
742;1454320
743;2004322
744;888127
745;3021655
746;498625
747;649847
748;599746
749;604544
750;2315250
751;1849328
752;13037
753;258153
754;12228
755;2748557
756;6648814
757;2828900
758;814738
759;762064
760;1018069
761;12777
762;873100
763;1327906
764;859200
765;1755257
766;424721
767;1887993
768;589450
769;2014850
770;1301372
771;679172
772;1009100
773;1104031
774;1208054
775;1657007
776;13388
777;1610522
778;841666
779;1021013
780;1955475
781;1019190
782;12550
783;1293060
784;807020
785;13066
786;743986
787;2131536
788;1243030
789;655025
790;729720
791;11683
792;2921200
793;446930
794;1988646
795;1183045
796;308284
797;1831090
798;3096550
799;453990
800;574500
801;525026
802;777335
803;614888
804;11871
805;1236800
806;573690
807;546150
808;758644
809;1104481
810;535312
811;1464278
812;726485
813;404700
814;2154166
815;5047950
816;1683925
817;823660
818;1239113
819;11260
820;1086009
821;2342709
822;12107
823;934650
824;587700
825;930593
826;2789410
827;873900
828;14922
829;1357680
830;1414380
831;909850
832;19500
833;2475733
834;1748060
835;819185
836;12642
837;798272
838;915393
839;2646600
840;12600
841;2550346
842;1944866
843;1049311
844;1004833
845;994625
846;1097160
847;369772
848;941828
849;1746600
850;13760
851;1934471
852;2869760
853;582380
854;12690
855;18315
856;297160
857;12054
858;686308
859;1471491
860;2622772
861;842616
862;1643114
863;1776950
864;625233
865;477433
866;11575
867;964346
868;401311
869;12090
870;10900
871;702595
872;2386075
873;11666
874;1511233
875;944653
876;1321257
877;1889561
878;13400
879;376476
880;13506
881;1415046
882;584287
883;1352700
884;1982080
885;1795716
886;4986373
887;11837
888;1977875
889;11290
890;2250214
891;944058
892;881575
893;368840
894;818366
895;811688
896;1437987
897;1415180
898;1464761
899;439487
900;701333
901;1329450
902;1902814
903;1150272
904;12789
905;358980
906;2105210
907;283868
908;1792345
909;11950
910;4331592
911;13775
912;1352130
913;5263210
914;3947500
915;685866
916;932140
917;919353
918;373938
919;10933
920;1454092
921;1292700
922;10528
923;855576
924;1256580
925;12453
926;1635271
927;987150
928;521892
929;788394
930;793966
931;1285681
932;387054
933;1124462
934;492966
935;1267472
936;980292
937;2415758
938;1413773
939;1817216
940;1164828
941;13488
942;16957
943;200163
944;12080
945;509807
946;1210992
947;15008
948;8280500
949;584150
950;1619190
951;1503125
952;624400
953;755500
954;1673354
955;1568071
956;646700
957;759090
958;1631263
959;1455127
960;5170240
961;361587
962;12084
963;452972
964;755100
965;5972877
966;1643457
967;13833
968;1830633
969;1070875
970;596715
971;905915
972;998171
973;2313485
974;1141090
975;1040787
976;2212680
977;2766875
978;851500
979;1728425
980;1144705
981;295580
982;454850
983;862638
984;1059735
985;766650
986;2559812
987;793300
988;13850
989;1668584
990;958930
991;1566654
992;1555438
993;1209078
994;3088088
995;2027390
996;610800
997;2341308
998;23420
999;2642086
1000;723477
1001;13487
1002;2218872
1003;535231
1004;1614864
1005;734544
1006;6376450
1007;416107
1008;2264260
1009;3202136
1010;747713
1011;12970
1012;1253300
1013;718281
1014;13700
1015;1225146
1016;10844
1017;660590
1018;2916700
1019;2211423
1020;1410300
1021;1719900
1022;1693777
1023;814107
1024;1103038
1025;614410
1026;618620
1027;4230733
1028;7547836
1029;1234384
1030;1951840
1031;1183730
1032;14480
1033;2096353
1034;1264705
1035;2431000
1036;445580
1037;1828981
1038;898400
1039;1126820
1040;2130426
1041;1699022
1042;1665306
1043;11722
1044;1028700
1045;1971814
1046;1251412
1047;883177
1048;311123
1049;1232577
1050;776322
1051;860275
1052;1987060
1053;1364088
1054;484316
1055;5252766
1056;784709
1057;1117858
1058;1423160
1059;4040646
1060;380530
1061;12572
1062;7383387
1063;12242
1064;1725026
1065;3973454
1066;1019027
1067;1444315
1068;3259000
1069;355350
1070;524220
1071;3928476
1072;1756894
1073;11938
1074;657004
1075;1146953
1076;1143406
1077;1348755
1078;948316
1079;767907
1080;480841
1081;1383884
1082;831744
1083;11350
1084;13470
1085;560107
1086;536200
1087;13230
1088;819713
1089;696500
1090;4147600
1091;1476166
1092;14800
1093;981500
1094;593581
1095;1765176
1096;1704911
1097;1356595
1098;1654152
1099;1694945
1100;1378200
1101;3694053
1102;644333
1103;2232800
1104;675229
1105;1763353
1106;828983
1107;1106442
1108;18064
1109;1046508
1110;557227
1111;10840
1112;2781500
1113;1817866
1114;1735164
1115;15484
1116;3483509
1117;4013577
1118;1648868
1119;774150
1120;1511875
1121;1199525
1122;466790
1123;1016466
1124;2322313
1125;2061276
1126;487350
1127;2708472
1128;831853
1129;1844000
1130;1180136
1131;3029000
1132;739450
1133;21920
1134;1606392
1135;2684714
1136;1508710
1137;468807
1138;1032081
1139;3410790
1140;1150288
1141;1361540
1142;2072646
1143;655320
1144;1097700
1145;901038
1146;1441005
1147;1948680
1148;601307
1149;1771650
1150;1447890
1151;1141230
1152;1607390
1153;846270
1154;295233
1155;12418
1156;646336
1157;4045671
1158;10871990
1159;1656311
1160;1487984
1161;13755
1162;1386152
1163;786900
1164;1172431
1165;1275671
1166;456869
1167;2950413
1168;1323500
1169;611791
1170;903788
1171;1959233
1172;1374711
1173;11640
1174;1578550
1175;993592
1176;975588
1177;707456
1178;474238
1179;1596744
1180;1145407
1181;2122485
1182;1098490
1183;1410776
1184;1242105
1185;2047925
1186;2728578
1187;736881
1188;5160933
1189;1166188
1190;1116450
1191;531171
1192;1438457
1193;254042
1194;3024877
1195;607118
1196;497406
1197;551042
1198;1609638
1199;1590133
1200;2390331
1201;2170611
1202;642690
1203;2991063
1204;2552733
1205;1446826
1206;12450
1207;1500533
1208;1752109
1209;1438608
1210;2170200
1211;2723560
1212;1221920
1213;3795654
1214;10770
1215;503176
1216;1806581
1217;940788
1218;788685
1219;739835
1220;1118593
1221;1346380
1222;3103530
1223;880555
1224;1693558
1225;1489284
1226;1029281
1227;1499727
1228;1212508
1229;938971
1230;1273010
1231;2980185
1232;1731992
1233;3134916
1234;3720678
1235;2809861
1236;1405290
1237;1091258
1238;1667620
1239;581284
1240;1933800
1241;1436245
1242;2098380
1243;1392850
1244;12300
1245;1248890
1246;477700
1247;904450
1248;2986781
1249;666025
1250;1765916
1251;1061233
1252;10044272
1253;3092225
1254;1881740
1255;1843175
1256;1045730
1257;1136557
1258;1130736
1259;1561138
1260;408100
1261;672516
1262;1184125
1263;366553
1264;1308050
1265;741990
1266;1173654
1267;749354
1268;1043300
1269;1554137
1270;11757
1271;12188
1272;2566300
1273;3019655
1274;473520
1275;13550
1276;1232564
1277;471583
1278;2476722
1279;1848066
1280;459136
1281;1528971
1282;1069669
1283;1271278
1284;1211950
1285;1920475
1286;842830
1287;2307700
1288;2321928
1289;2299055
1290;1295605
1291;1001680
1292;14466
1293;3624509
1294;1870266
1295;2852928
1296;611955
1297;1421530
1298;4362494
1299;14045
1300;43200
1301;1376110
1302;814700
1303;14691
1304;1474253
1305;1776262
1306;1118556
1307;1959988
1308;748972
1309;1908003
1310;1335056
1311;533921
1312;1649600
1313;931669
1314;2081100
1315;7795631
1316;13971
1317;11828
1318;4409018
1319;921528
1320;11388
1321;21083
1322;1806288
1323;1367700
1324;1404000
1325;12921
1326;1761078
1327;1181290
1328;2004907
1329;1839463
1330;866300
1331;1340394
1332;815944
1333;3067086
1334;1860745
1335;1925750
1336;505390
1337;493258
1338;996276
1339;570409
1340;2501758
1341;1738162
1342;1394364
1343;1368507
1344;1094753
1345;1298630
1346;5748200
1347;2535816
1348;14257
1349;1561325
1350;3555162
1351;1017075
1352;1074871
1353;1774925
1354;2996700
1355;1590513
1356;13900
1357;3936206
1358;27437
1359;1891035
1360;1137792
1361;6783430
1362;1970300
1363;992906
1364;1268144
1365;1493820
1366;2351450
1367;831238
1368;558680
1369;1215200
1370;1820666
1371;1494183
1372;1651500
1373;730536
1374;796353
1375;11026
1376;1581453
1377;1015780
1378;2304800
1379;854128
1380;1536755
1381;1232850
1382;3383500
1383;1038907
1384;1534100
1385;2433161
1386;1780653
1387;512800
1388;2481485
1389;864425
1390;1024177
1391;5104390
1392;1706346
1393;3414411
1394;2407233
1395;12250
1396;3924809
1397;731330
1398;2432712
1399;1133610
1400;2109754
1401;2963053
1402;3264154
1403;2478075
1404;1992046
1405;591712
1406;2202154
1407;2393791
1408;1850490
1409;965633
1410;2044514
1411;4602584
1412;3259506
1413;796321
1414;2640109
1415;2536716
1416;1903657
1417;4284569
1418;13612
1419;1845177
1420;1403650
1421;3812392
1422;1158175
1423;4407337
1424;4433753
1425;1490387
1426;4904362
1427;517041
1428;758155
1429;1370892
1430;963400
1431;3244875
1432;4729175
1433;435364
1434;530600
1435;1788453
1436;611800
1437;1828788
1438;6342747
1439;2438930
1440;10296400
1441;2431378
1442;1728827
1443;1884115
1444;2286654
1445;1629208
1446;3611230
1447;2589166
1448;12871
1449;633607
1450;1195158
1451;1623400
1452;570472
1453;2329500
1454;557450
1455;1841711
1456;8608608
1457;658240
1458;2305590
1459;866816
1460;2246315
1461;1985550
1462;790827
1463;1282900
1464;746792
1465;719131
1466;3152868
1467;729964
1468;1190315
1469;1284257
1470;1375040
1471;850400
1472;1606450
1473;4658476
1474;3581877
1475;1941977
1476;1304281
1477;1996483
1478;3044116
1479;2040123
1480;1115666
1481;2533227
1482;882614
1483;1668000
1484;1740994
1485;1577692
1486;10727718
1487;2086035
1488;1898888
1489;1966226
1490;956418
1491;1622509
1492;907975
1493;1573155
1494;1239807
1495;666450
1496;13952
1497;1019330
1498;2086358
1499;2326280
1500;641740
1501;1641875
1502;2740208
1503;2084091
1504;3063163
1505;1727814
1506;2170991
1507;3444575
1508;1719190
1509;607530
1510;2244421
1511;952783
1512;916830
1513;1791550
1514;2626969
1515;1210981
1516;953412
1517;2514714
1518;1650750
1519;1158540
1520;579646
1521;1904455
1522;400785
1523;1285830
1524;1845819
1525;513100
1526;615794
1527;1719518
1528;1345800
1529;1254738
1530;2713393
1531;1970011
1532;2577406
1533;1633314
1534;1180086
1535;2563936
1536;987085
1537;1149857
1538;924507
1539;5153523
1540;12542
1541;1628327
1542;1194263
1543;1345614
1544;3970920
1545;1084416
1546;2914075
1547;3411837
1548;1237464
1549;1625605
1550;2550462
1551;315341
1552;2003300
1553;911900
1554;593322
1555;3186300
1556;11840
1557;1919470
1558;2432900
1559;1957400
1560;1473430
1561;1429812
1562;2414160
1563;2977222
1564;4150800
1565;579542
1566;1178746
1567;2864412
1568;1492950
1569;13183
1570;3349033
1571;1439976
1572;865066
1573;3723666
1574;488430
1575;3476685
1576;802655
1577;2532309
1578;1619880
1579;1595500
1580;3919518
1581;3360290
1582;2668333
1583;495623
1584;1044714
1585;1699669
1586;1297400
1587;11322
1588;640333
1589;4606200
1590;1223925
1591;5511523
1592;787160
1593;636393
1594;1898960
1595;8367492
1596;2187950
1597;374772
1598;1544680
1599;2324272
1600;1957536
1601;3322963
1602;2570108
1603;899754
1604;1047871
1605;693920
1606;969321
1607;1768135
1608;2937862
1609;2740136
1610;4201116
1611;1531925
1612;2094630
1613;1876733
1614;1775212
1615;847262
1616;1112429
1617;1831558
1618;11400
1619;812013
1620;1353528
1621;3055577
1622;1449800
1623;2769400
1624;3469660
1625;14900
1626;2322600
1627;21930
1628;1265515
1629;2375340
1630;1130670
1631;2656691
1632;1329980
1633;1510953
1634;3768566
1635;1874392
1636;11084700
1637;1563528
1638;764812
1639;1723485
1640;3168746
1641;1853850
1642;2044130
1643;1846291
1644;2319366
1645;2255862
1646;2311628
1647;2780500
1648;1103944
1649;1618343
1650;13361
1651;420100
1652;1261872
1653;2909571
1654;1024745
1655;2313284
1656;5995882
1657;3268650
1658;4127057
1659;1742745
1660;14222
1661;681800
1662;2052150
1663;1276590
1664;1004435
1665;4207040
1666;1110360
1667;7441900
1668;2591335
1669;1706454
1670;2529750
1671;959692
1672;3170873
1673;5314833
1674;2044771
1675;13672
1676;13150
1677;2866186
1678;896691
1679;949988
1680;14709
1681;22358
1682;1402300
1683;1599246
1684;2360322
1685;1147771
1686;1509266
1687;1387766
1688;1189210
1689;1666695
1690;2155511
1691;1613387
1692;11300
1693;3198436
1694;540720
1695;1240169
1696;653387
1697;933066
1698;3295923
1699;2228484
1700;1155442
1701;2584500
1702;2403500
1703;3749450
1704;791850
1705;1744642
1706;17325
1707;2731450
1708;1624200
1709;6324300
1710;2704153
1711;1085936
1712;835360
1713;2220400
1714;2958233
1715;747237
1716;2260575
1717;4818650
1718;2206610
1719;943671
1720;2139990
1721;4006177
1722;2815963
1723;2103892
1724;1041361
1725;1095192
1726;2004110
1727;2646555
1728;13966
1729;2132742
1730;3605450
1731;4047457
1732;13442
1733;2086692
1734;1956264
1735;1805440
1736;9846890
1737;1220975
1738;1995327
1739;1881841
1740;2324175
1741;3690500
1742;1514611
1743;3930733
1744;512108
1745;412340
1746;3095730
1747;3509607
1748;2926930
1749;2011247
1750;1587228
1751;2252466
1752;1895057
1753;2901481
1754;2380978
1755;2146350
1756;5196466
1757;2224150
1758;718417
1759;3569892
1760;1572021
1761;12137
1762;1206350
1763;1886872
1764;923040
1765;597663
1766;650527
1767;1169750
1768;1894369
1769;3842292
1770;2197125
1771;1958681
1772;1696100
1773;1259072
1774;1816966
1775;904663
1776;1859900
1777;1193712
1778;915763
1779;2346313
1780;2417300
1781;1427450
1782;1271508
1783;2261666
1784;4778552
1785;1068607
1786;1394956
1787;2787545
1788;3106417
1789;1656925
1790;1692888
1791;2277600
1792;12850
1793;3626561
1794;337415
1795;844837
1796;1174181
1797;3228190
1798;767308
1799;2479860
1800;7209720
1801;1749733
1802;1142700
1803;4467169
1804;1296792
1805;1360966
1806;3274290
1807;414625
1808;4007666
1809;2493592
1810;1627929
1811;847133
1812;1823145
1813;1654433
1814;1148406
1815;769643
1816;2557794
1817;2907544
1818;4789220
1819;1877723
1820;3524481
1821;2504226
1822;2238050
1823;4055871
1824;923500
1825;1740536
1826;12833288
1827;4908853
1828;793761
1829;1702968
1830;1858700
1831;1803162
1832;2028500
1833;666550
1834;1504228
1835;2610500
1836;1465744
1837;6367614
1838;2255638
1839;2606436
1840;2445627
1841;1052793
1842;11522
1843;3127578
1844;8170430
1845;1457144
1846;5123633
1847;4548157
1848;4437460
1849;4168400
1850;3490588
1851;5582622
1852;1785907
1853;1981025
1854;1741361
1855;11325
1856;4292621
1857;4452181
1858;1168764
1859;1504995
1860;2024642
1861;1620050
1862;4334072
1863;1404835
1864;2120022
1865;2584862
1866;798233
1867;7702000
1868;1269994
1869;1268022
1870;6509794
1871;2211562
1872;2545687
1873;2512255
1874;1360313
1875;2845566
1876;2805343
1877;10316
1878;2898450
1879;1880930
1880;1175118
1881;2631828
1882;1642407
1883;2055235
1884;2177061
1885;1075318
1886;12658
1887;5941278
1888;2570914
1889;1907818
1890;1321085
1891;1802690
1892;1728791
1893;3194260
1894;511644
1895;3367333
1896;1870338
1897;674666
1898;4279025
1899;428872
1900;4775415
1901;2864285
1902;1160681
1903;3692183
1904;787300
1905;5091500
1906;3947840
1907;1990725
1908;815021
1909;4199210
1910;715310
1911;2880600
1912;2507792
1913;1178141
1914;1223345
1915;484544
1916;3727992
1917;3468357
1918;2360454
1919;2679042
1920;2592450
1921;1445607
1922;1329892
1923;1151700
1924;2525184
1925;423191
1926;7754164
1927;2211600
1928;2248253
1929;3527109
1930;857425
1931;4828350
1932;1501262
1933;2213609
1934;9017750
1935;2897525
1936;1078150
1937;2422957
1938;2098700
1939;1108823
1940;4866953
1941;3087425
1942;2387593
1943;847600
1944;14586
1945;3311583
1946;3585260
1947;11911675
1948;1948241
1949;2461206
1950;1423110
1951;4019800
1952;2350468
1953;1020761
1954;1795347
1955;844435
1956;2529300
1957;1746470
1958;1682363
1959;5291592
1960;1788325
1961;1395190
1962;6587737
1963;5577742
1964;1597038
1965;4257220
1966;2978738
1967;5730150
1968;2048683
1969;3005209
1970;3607471
1971;1301446
1972;2364250
1973;2336273
1974;5527338
1975;7517290
1976;3488257
1977;2272694
1978;3186072
1979;1268388
1980;4778942
1981;1885742
1982;2341531
1983;1416263
1984;2724690
1985;668362
1986;3092382
1987;2070066
1988;1311057
1989;2945418
1990;3853054
1991;2112736
1992;2697972
1993;2483742
1994;817908
1995;1843742
1996;2942868
1997;1866877
1998;2161966
1999;1919643
2000;3998827
2001;3136360
2002;1853271
2003;14938
2004;1647425
2005;1127891
2006;1773962
2007;395330
2008;2769400
2009;1325244
2010;1210406
2011;1745412
2012;2366133
2013;3475316
2014;2537357
2015;1870142
2016;1287366
2017;1613930
2018;2573542
2019;2426157
2020;1618384
2021;11722312
2022;1388600
2023;1362900
2024;5237583
2025;1978871
2026;3300621
2027;1282986
2028;1738244
2029;1276455
2030;4896525
2031;8145781
2032;823650
2033;3247506
2034;11340
2035;2052766
2036;1140855
2037;10476
2038;1067600
2039;6029366
2040;2309183
2041;2400511
2042;2476720
2043;2384430
2044;2030368
2045;1573212
2046;1107253
2047;3893325
2048;633523
2049;2005841
2050;1373876
2051;1572333
2052;1705466
2053;2026483
2054;1859625
2055;2370858
2056;2289987
2057;2614991
2058;2046700
2059;1346200
2060;2797963
2061;12171
2062;3078363
2063;4156790
2064;2222780
2065;647766
2066;1709610
2067;5445200
2068;1965872
2069;2781471
2070;4960181
2071;1907775
2072;2298370
2073;2051533
2074;2932050
2075;3260640
2076;3567771
2077;2604554
2078;1209980
2079;2260961
2080;1195694
2081;2826000
2082;13125
2083;2067411
2084;803633
2085;4019100
2086;586861
2087;3637620
2088;574700
2089;4040455
2090;2361350
2091;1552293
2092;3075181
2093;1379080
2094;17966
2095;2635420
2096;3130500
2097;2492400
2098;2726609
2099;2536776
2100;680718
2101;3387412
2102;978450
2103;2749010
2104;1904635
2105;1568900
2106;2503593
2107;1023742
2108;4037427
2109;1241440
2110;1796970
2111;4205287
2112;3180925
2113;3204580
2114;2719107
2115;1733558
2116;2312880
2117;11987
2118;2732400
2119;1303807
2120;1541158
2121;3662507
2122;2584311
2123;4533383
2124;2078650
2125;2263833
2126;3716541
2127;1736643
2128;3854593
2129;1366657
2130;3199736
2131;3286300
2132;3379464
2133;1845554
2134;1488750
2135;2241000
2136;2057078
2137;1956915
2138;3442968
2139;1974382
2140;1739827
2141;4007518
2142;1119341
2143;2052336
2144;2939233
2145;4027064
2146;1231163
2147;4343116
2148;4540320
2149;958684
2150;6191090
2151;3084633
2152;3911907
2153;2891228
2154;1347072
2155;1744060
2156;2294771
2157;3766793
2158;2209585
2159;2627400
2160;1741070
2161;1657470
2162;2130328
2163;1808162
2164;3665284
2165;1510870
2166;3605416
2167;4287569
2168;4248085
2169;1240869
2170;5585333
2171;1976321
2172;7360892
2173;4857840
2174;2694990
2175;3489320
2176;2226100
2177;1615437
2178;2658746
2179;4141662
2180;3240766
2181;1964250
2182;1470781
2183;4681027
2184;1578122
2185;1434366
2186;1937150
2187;5414050
2188;1462938
2189;3541707
2190;477555
2191;3636490
2192;1643250
2193;1314054
2194;3537486
2195;8346885
2196;1721009
2197;2853100
2198;1054100
2199;3307490
2200;1656345
2201;5289352
2202;2062385
2203;2947966
2204;1192445
2205;9682469
2206;1673088
2207;1735041
2208;3404175
2209;10664583
2210;1820516
2211;2133181
2212;1976257
2213;648670
2214;671360
2215;2900170
2216;2982822
2217;1118533
2218;2033741
2219;4664890
2220;3914025
2221;3611877
2222;2017620
2223;2153370
2224;1808750
2225;1005707
2226;2778933
2227;828166
2228;1259260
2229;3944892
2230;4626553
2231;1140741
2232;13800
2233;3394160
2234;2111241
2235;3320366
2236;2805850
2237;4094100
2238;1931910
2239;2753293
2240;3581500
2241;2106920
2242;3238122
2243;4367160
2244;2723825
2245;3266454
2246;1713230
2247;2460376
2248;1202207
2249;9187633
2250;1605823
2251;2079400
2252;1997787
2253;3182836
2254;1816630
2255;2027522
2256;2837078
2257;3930460
2258;6224776
2259;1985776
2260;3070769
2261;1569666
2262;3386270
2263;3519853
2264;2188623
2265;3124260
2266;2748387
2267;2434580
2268;1424630
2269;4789857
2270;1689247
2271;1302035
2272;13566
2273;3858631
2274;2355020
2275;2771381
2276;1537100
2277;2008782
2278;1540812
2279;2144422
2280;4275176
2281;3252600
2282;1462945
2283;2091790
2284;6432171
2285;3512250
2286;2842963
2287;3029026
2288;3297933
2289;1743550
2290;4876814
2291;5300375
2292;3101836
2293;4089385
2294;636900
2295;3347870
2296;3038030
2297;2649384
2298;2160450
2299;1849538
2300;1525388
2301;606125
2302;1233575
2303;4044050
2304;2258608
2305;1726571
2306;1843742
2307;6206968
2308;3911100
2309;2276888
2310;7838133
2311;2497428
2312;1290888
2313;1782311
2314;3021805
2315;1399700
2316;2355822
2317;2151669
2318;965758
2319;3341840
2320;13216
2321;3071112
2322;1441525
2323;2369166
2324;2153830
2325;2187971
2326;2038845
2327;1878655
2328;4107617
2329;2972100
2330;4366375
2331;630690
2332;442175
2333;3050700
2334;2541450
2335;2852533
2336;2572685
2337;2812047
2338;5165971
2339;2590700
2340;3119052
2341;2406966
2342;3948175
2343;2455087
2344;3202878
2345;1809877
2346;4398938
2347;2143620
2348;1397921
2349;3291123
2350;11907015
2351;2791685
2352;2500328
2353;5767300
2354;3812340
2355;2739987
2356;4339087
2357;2094983
2358;2790990
2359;765844
2360;2201076
2361;859542
2362;2011910
2363;2735937
2364;3436382
2365;3246575
2366;2005447
2367;4386233
2368;3655500
2369;2117530
2370;2375758
2371;1001185
2372;1511270
2373;11844
2374;4443614
2375;2434425
2376;9043308
2377;6226066
2378;689777
2379;2221257
2380;3118841
2381;3216054
2382;1835485
2383;2453727
2384;2918800
2385;6639391
2386;1593440
2387;1785269
2388;3032533
2389;2161587
2390;2446766
2391;6049326
2392;2978123
2393;2459207
2394;3702011
2395;1806361
2396;3832164
2397;10238600
2398;1666553
2399;3025000
2400;1379290
2401;1889640
2402;2409733
2403;1534316
2404;1706183
2405;3307080
2406;5638127
2407;2585700
2408;2132100
2409;3415941
2410;3014337
2411;6457655
2412;4102169
2413;3519468
2414;3836137
2415;2010850
2416;2153192
2417;655220
2418;2143693
2419;970616
2420;2568357
2421;8241673
2422;1376050
2423;2296560
2424;2397300
2425;2179585
2426;4529400
2427;2218140
2428;2546416
2429;2996550
2430;5009518
2431;1121737
2432;2675758
2433;3750830
2434;1395028
2435;1669590
2436;2447423
2437;2569242
2438;2179212
2439;1569007
2440;1465138
2441;2620766
2442;2310545
2443;4490685
2444;2626388
2445;3196607
2446;3340480
2447;3542568
2448;4487661
2449;6699930
2450;2966929
2451;6725031
2452;1325400
2453;2608263
2454;1515264
2455;807877
2456;1477900
2457;2264350
2458;4943857
2459;1890082
2460;2123721
2461;3411835
2462;616837
2463;8409727
2464;2335930
2465;1680000
2466;2117319
2467;6219293
2468;4245060
2469;1656720
2470;5349950
2471;3251407
2472;4255933
2473;3783912
2474;8434971
2475;6338270
2476;1866400
2477;2320000
2478;2730507
2479;1554762
2480;4738491
2481;4199421
2482;3282680
2483;3258792
2484;1458522
2485;914250
2486;2846333
2487;1853675
2488;3595628
2489;1800108
2490;4454409
2491;2373940
2492;2955366
2493;2155277
2494;4209788
2495;2874023
2496;8012580
2497;2539958
2498;2716685
2499;5156300
2500;1701227
2501;1786850
2502;2147995
2503;879871
2504;2839830
2505;3845375
2506;2025806
2507;2710353
2508;3468156
2509;1900742
2510;3046276
2511;1425925
2512;3926388
2513;2684433
2514;1101637
2515;2392676
2516;7258990
2517;1983216
2518;2734040
2519;2840500
2520;3956300
2521;1456500
2522;3552884
2523;5966846
2524;3818853
2525;3695800
2526;2908752
2527;3999715
2528;2910414
2529;2905255
2530;2087988
2531;1865921
2532;2252355
2533;1994063
2534;2346157
2535;3696454
2536;2973340
2537;3007237
2538;1461011
2539;4999520
2540;3322372
2541;3495216
2542;1319910
2543;2872483
2544;2769685
2545;839376
2546;22824041
2547;4375766
2548;3763400
2549;2389741
2550;2300400
2551;2715955
2552;2864707
2553;2857433
2554;2490384
2555;1872709
2556;2910812
2557;3653266
2558;2033721
2559;2306060
2560;3728315
2561;4221142
2562;5778722
2563;4994300
2564;4031750
2565;2999214
2566;3592420
2567;3390642
2568;2729825
2569;3097600
2570;2524885
2571;3139012
2572;848862
2573;3681120
2574;3570094
2575;2791953
2576;1804820
2577;8407850
2578;2510785
2579;11399050
2580;5179000
2581;2937913
2582;5717981
2583;3440428
2584;3524150
2585;4487375
2586;4155433
2587;6187866
2588;11357
2589;5613507
2590;1997730
2591;3076006
2592;2773833
2593;6695442
2594;800228
2595;4229171
2596;3464750
2597;2297371
2598;4896323
2599;8919410
2600;587108
2601;3609530
2602;2960736
2603;3096971
2604;3061258
2605;3582407
2606;1594284
2607;2530240
2608;2674871
2609;2712445
2610;2248990
2611;4133113
2612;2197200
2613;2778700
2614;2847836
2615;2773826
2616;5996733
2617;3070130
2618;1846083
2619;739676
2620;2550081
2621;2535063
2622;4083646
2623;4712440
2624;2081718
2625;1683809
2626;2467527
2627;1665075
2628;12470800
2629;763336
2630;1394269
2631;2295000
2632;2544750
2633;10879821
2634;2594533
2635;2505492
2636;1264787
2637;2460416
2638;4095411
2639;2450146
2640;3165641
2641;5131016
2642;5764430
2643;4344075
2644;622388
2645;4305925
2646;10489940
2647;2363960
2648;2944344
2649;1547225
2650;829706
2651;4953675
2652;2798281
2653;1354975
2654;1957566
2655;4578400
2656;4286460
2657;1342754
2658;4168754
2659;2714910
2660;2792553
2661;1929622
2662;2045753
2663;3686975
2664;2651246
2665;4456207
2666;2927850
2667;3516370
2668;3805526
2669;3469166
2670;1785906
2671;5895858
2672;1767790
2673;2459741
2674;1412444
2675;1103250
2676;2062960
2677;9696744
2678;3320390
2679;3169607
2680;6606845
2681;605200
2682;5808628
2683;2945512
2684;1912800
2685;13810
2686;3624506
2687;5769072
2688;2704440
2689;4683666
2690;5603280
2691;2639862
2692;2012170
2693;2257735
2694;3575512
2695;1749160
2696;2809600
2697;4347128
2698;1200690
2699;3287522
2700;5431722
2701;3097358
2702;3233391
2703;4035510
2704;2112552
2705;1916210
2706;2481914
2707;6585772
2708;3454600
2709;1888377
2710;747610
2711;11020622
2712;3127236
2713;1459322
2714;2579725
2715;2560564
2716;7833100
2717;3515225
2718;3849200
2719;3950929
2720;9110300
2721;2152044
2722;3662430
2723;2882080
2724;2918258
2725;3620892
2726;6873538
2727;5226000
2728;1887912
2729;3223088
2730;9235427
2731;2547038
2732;3649360
2733;2089507
2734;3617800
2735;2997522
2736;3868591
2737;2790020
2738;4762745
2739;2499646
2740;1807500
2741;2382325
2742;3689244
2743;1601045
2744;4807670
2745;2932075
2746;1648150
2747;4204854
2748;5110937
2749;3800807
2750;3079408
2751;1745242
2752;2245550
2753;2246254
2754;5979000
2755;9381391
2756;1417400
2757;8328243
2758;2735471
2759;4104815
2760;2560307
2761;5188200
2762;8923563
2763;2540620
2764;4847335
2765;2098225
2766;3147342
2767;2046606
2768;2589928
2769;3433433
2770;2252254
2771;1114700
2772;3272461
2773;3564850
2774;3395375
2775;3497492
2776;4212150
2777;10614
2778;2800085
2779;3444981
2780;1093193
2781;4137616
2782;9935655
2783;8098444
2784;727933
2785;5188043
2786;14390466
2787;1864928
2788;2140884
2789;2844721
2790;2009153
2791;9967033
2792;2539753
2793;1091081
2794;2996411
2795;1969193
2796;2752318
2797;3713261
2798;1733962
2799;2237654
2800;3784744
2801;2860681
2802;3029416
2803;7186381
2804;1960036
2805;6963954
2806;2647080
2807;1262188
2808;7394450
2809;4420541
2810;1383460
2811;2938575
2812;3335453
2813;1671406
2814;2366290
2815;3258000
2816;3794127
2817;1823055
2818;1916675
2819;1778861
2820;4472633
2821;2904025
2822;1979190
2823;1298315
2824;3017680
2825;3840121
2826;5672546
2827;2549833
2828;2613350
2829;4032922
2830;12422
2831;1587476
2832;3021221
2833;3156706
2834;4857100
2835;4008933
2836;3034841
2837;5289350
2838;6611375
2839;4614075
2840;4723225
2841;3180414
2842;17233
2843;4354525
2844;4337909
2845;3738642
2846;3041466
2847;3677350
2848;3527300
2849;1938654
2850;2753773
2851;1314320
2852;2804842
2853;2890736
2854;3062307
2855;2241750
2856;2754320
2857;2145118
2858;6518600
2859;3326800
2860;2197383
2861;2223933
2862;3471362
2863;9317940
2864;4216275
2865;2587943
2866;3113046
2867;2905909
2868;5544533
2869;5752484
2870;8693869
2871;2984400
2872;9735500
2873;2332036
2874;2813192
2875;2050323
2876;9106738
2877;1279070
2878;3030458
2879;2008675
2880;1627818
2881;2068366
2882;3178700
2883;6058970
2884;1591385
2885;2524350
2886;6755966
2887;2234746
2888;1967246
2889;3983200
2890;2367405
2891;620487
2892;2699937
2893;2324309
2894;3389326
2895;11373010
2896;2722060
2897;2297583
2898;9807700
2899;4369636
2900;8122433
2901;2592770
2902;1681137
2903;3855531
2904;2567653
2905;1604407
2906;2775708
2907;3786964
2908;5794764
2909;2183966
2910;2276392
2911;4877871
2912;2654533
2913;3829141
2914;3426440
2915;1817487
2916;3028187
2917;6851568
2918;631633
2919;3810946
2920;844600
2921;3639128
2922;3036658
2923;4691290
2924;6171720
2925;2032675
2926;2756933
2927;1911758
2928;2207990
2929;3081746
2930;3327933
2931;2290681
2932;1798700
2933;2339645
2934;3257554
2935;3285864
2936;7419100
2937;4424733
2938;1946000
2939;1649380
2940;2561566
2941;4240811
2942;7064573
2943;2960642
2944;15328
2945;3118553
2946;2750983
2947;1414225
2948;8593660
2949;3590053
2950;4433611
2951;2195692
2952;5350854
2953;2473660
2954;6028993
2955;4229693
2956;3160235
2957;759427
2958;2437537
2959;4879390
2960;1344092
2961;2330166
2962;1975005
2963;1743623
2964;2972686
2965;6959541
2966;1657210
2967;3566818
2968;12391592
2969;3195100
2970;2441114
2971;1632807
2972;3530671
2973;588000
2974;3007966
2975;1560107
2976;2724200
2977;2484684
2978;2840720
2979;3537757
2980;2960969
2981;1505257
2982;5598244
2983;3121000
2984;2006040
2985;3578422
2986;4195371
2987;3869146
2988;2687957
2989;10915300
2990;1420800
2991;4860841
2992;1345893
2993;962181
2994;2654963
2995;4972100
2996;2609575
2997;5510807
2998;1644025
2999;2858033
3000;2173933
3001;12093663
3002;1809955
3003;3236042
3004;4652408
3005;3460376
3006;8334633
3007;3476610
3008;3303257
3009;2993000
3010;3848633
3011;3009069
3012;4205443
3013;6286152
3014;1801500
3015;3232137
3016;2210600
3017;4556570
3018;11905120
3019;2766581
3020;3070950
3021;3132436
3022;4124490
3023;4131545
3024;4535416
3025;1473900
3026;1997563
3027;1855000
3028;5889287
3029;6005694
3030;1711064
3031;1689063
3032;2979185
3033;3039625
3034;2374769
3035;2482464
3036;1770900
3037;3024188
3038;2749475
3039;4381050
3040;1234242
3041;3078390
3042;4150350
3043;3168007
3044;1595060
3045;3725243
3046;2392973
3047;2174608
3048;11950
3049;3718611
3050;2948505
3051;3515025
3052;4180681
3053;4490685
3054;3709588
3055;1212050
3056;6573618
3057;2992675
3058;3058186
3059;2758366
3060;5178516
3061;15685587
3062;10706033
3063;5971693
3064;7851950
3065;3474983
3066;7538705
3067;3277400
3068;3187335
3069;3467240
3070;2696100
3071;1869990
3072;4269706
3073;2514335
3074;5591577
3075;2776805
3076;7068927
3077;3822425
3078;3551380
3079;3897533
3080;4761992
3081;10526336
3082;4386653
3083;3781169
3084;1489816
3085;4587171
3086;2066316
3087;3052607
3088;6261812
3089;2925118
3090;3576200
3091;4152866
3092;3058955
3093;11243287
3094;5285653
3095;5014728
3096;1682246
3097;582590
3098;2345900
3099;3876736
3100;1663643
3101;2301471
3102;6067112
3103;4050800
3104;3261081
3105;3157550
3106;1839553
3107;6129171
3108;4112540
3109;2866975
3110;2775627
3111;2240215
3112;1538600
3113;5674673
3114;3727322
3115;2882853
3116;4710023
3117;5011912
3118;5159927
3119;3717033
3120;9240028
3121;4141812
3122;26962316
3123;1892200
3124;2077675
3125;16021357
3126;4100235
3127;4501111
3128;7963529
3129;13693633
3130;3983350
3131;4084322
3132;1511853
3133;3122054
3134;2885412
3135;13257
3136;3068466
3137;3053228
3138;2091926
3139;1927657
3140;3672983
3141;3715188
3142;3316107
3143;3161633
3144;7872137
3145;3485720
3146;3183233
3147;5613820
3148;3331318
3149;3471194
3150;7539183
3151;2067177
3152;2578172
3153;8624246
3154;3242075
3155;1755115
3156;5931590
3157;3696618
3158;5729783
3159;4736890
3160;2937581
3161;9523753
3162;569381
3163;2916092
3164;4263315
3165;4953743
3166;1686966
3167;4067781
3168;3162770
3169;5028454
3170;1438492
3171;1104438
3172;3119229
3173;2995360
3174;3980771
3175;5627933
3176;3507736
3177;2144725
3178;4106437
3179;3294918
3180;3936811
3181;3196900
3182;3112375
3183;6570407
3184;2470555
3185;10680700
3186;3325315
3187;13000
3188;1578300
3189;3586493
3190;3149984
3191;2185210
3192;2966490
3193;5614485
3194;3723750
3195;4459800
3196;17682115
3197;3811866
3198;3138980
3199;2351591
3200;2773953
3201;4770011
3202;2856964
3203;3320640
3204;7075384
3205;1043375
3206;2787771
3207;6263470
3208;3884637
3209;13995470
3210;3502166
3211;5923068
3212;2737050
3213;3550223
3214;2866284
3215;2696922
3216;7432750
3217;1967738
3218;3532136
3219;4527440
3220;3356475
3221;5291523
3222;3681015
3223;3891483
3224;2851850
3225;5446730
3226;3300836
3227;2479225
3228;4521741
3229;1726341
3230;4367057
3231;3399492
3232;9849830
3233;1963122
3234;11050244
3235;8949982
3236;6090684
3237;5752233
3238;2992471
3239;1814200
3240;3470300
3241;3948368
3242;3517242
3243;2192787
3244;3579728
3245;3368115
3246;2393000
3247;9221215
3248;7270715
3249;2005623
3250;4362028
3251;2386318
3252;3513656
3253;3119483
3254;4128450
3255;4120230
3256;4570042
3257;5431746
3258;4064285
3259;2745622
3260;2697485
3261;3234680
3262;1065257
3263;2400400
3264;2322888
3265;2356856
3266;2091828
3267;9838375
3268;2817750
3269;3304688
3270;4137154
3271;4765950
3272;4805493
3273;1645357
3274;3773390
3275;4039857
3276;2506245
3277;23966366
3278;3911870
3279;3590270
3280;1916857
3281;2142521
3282;4694906
3283;3025223
3284;3260677
3285;2298825
3286;8685200
3287;1436955
3288;3626841
3289;1586480
3290;2803444
3291;2876636
3292;4374529
3293;3542444
3294;3598507
3295;3761076
3296;2239471
3297;4662853
3298;19130200
3299;7041000
3300;2845872
3301;2681400
3302;3406110
3303;3396038
3304;10118937
3305;6244292
3306;3753941
3307;4722100
3308;3481975
3309;3126500
3310;2621386
3311;4871770
3312;1292183
3313;3206577
3314;1997086
3315;8169420
3316;4326311
3317;3908770
3318;3543533
3319;6349016
3320;3123646
3321;5026900
3322;3214633
3323;3444592
3324;2719807
3325;3792641
3326;3633787
3327;1602312
3328;3603118
3329;12411
3330;8215491
3331;7526261
3332;3271069
3333;2218490
3334;6014220
3335;14674920
3336;2455937
3337;2440026
3338;1095500
3339;1422975
3340;2065533
3341;5133850
3342;3262881
3343;22824972
3344;17453337
3345;2160500
3346;11638726
3347;4781907
3348;2118911
3349;1667970
3350;5712629
3351;3476166
3352;3415681
3353;4547550
3354;5566212
3355;4684420
3356;3268166
3357;3739280
3358;1660610
3359;4465781
3360;16089408
3361;2065972
3362;4637250
3363;3498120
3364;14934180
3365;1645227
3366;2374533
3367;12954583
3368;6110641
3369;3805357
3370;4732030
3371;13666700
3372;2532362
3373;3488945
3374;4320481
3375;3575725
3376;2893862
3377;3594300
3378;2624908
3379;9780609
3380;6072285
3381;2961966
3382;4466372
3383;1970307
3384;6149900
3385;5651333
3386;4342825
3387;4379400
3388;1981860
3389;3658885
3390;3602366
3391;4850781
3392;3267500
3393;4733633
3394;2081687
3395;4524918
3396;1960150
3397;3415294
3398;4441438
3399;14525162
3400;2482769
3401;2933633
3402;5123127
3403;9591815
3404;2537978
3405;3115763
3406;4986050
3407;3393133
3408;17478531
3409;1769033
3410;2698610
3411;2862985
3412;3114820
3413;2406394
3414;2909500
3415;2888992
3416;3850700
3417;3093190
3418;2921714
3419;4686984
3420;14319650
3421;5982130
3422;2434084
3423;4837011
3424;2607555
3425;2132026
3426;5682568
3427;4144716
3428;2526866
3429;2867260
3430;3876230
3431;4242781
3432;2234146
3433;2797800
3434;3546887
3435;2631050
3436;2704830
3437;4015460
3438;2490309
3439;3202400
3440;4190106
3441;3194183
3442;3501870
3443;1947853
3444;5585521
3445;4236726
3446;1884960
3447;3401370
3448;20714725
3449;4863336
3450;4449077
3451;17805766
3452;2740045
3453;3009788
3454;7067430
3455;5714433
3456;2268227
3457;4082566
3458;3675270
3459;2925000
3460;5220687
3461;657866
3462;4331350
3463;22909663
3464;2747116
3465;5942637
3466;3107906
3467;11489633
3468;3911455
3469;12526233
3470;2743150
3471;3983538
3472;4086409
3473;8459125
3474;3256272
3475;2816785
3476;4158581
3477;3452773
3478;3291322
3479;4342287
3480;18240283
3481;2218366
3482;9770005
3483;9771318
3484;6444418
3485;2071700
3486;3602500
3487;9491341
3488;9537690
3489;5371946
3490;3463250
3491;2817612
3492;2252826
3493;7423685
3494;5808441
3495;6906950
3496;3586047
3497;3649991
3498;8552535
3499;2738816
3500;2715223
3501;1832122
3502;2878915
3503;3731790
3504;19552438
3505;2348650
3506;5845042
3507;3478075
3508;3010058
3509;3785740
3510;2310309
3511;15011606
3512;3152500
3513;3581971
3514;5426490
3515;3625007
3516;3373521
3517;3326400
3518;2506035
3519;3180081
3520;4107869
3521;4602983
3522;2037042
3523;4589688
3524;5394620
3525;4752264
3526;3306663
3527;4865340
3528;3057350
3529;30927290
3530;3737518
3531;2070971
3532;2079900
3533;3102978
3534;8802625
3535;16004583
3536;2673650
3537;10356990
3538;3951114
3539;3797054
3540;4370371
3541;4565600
3542;2156093
3543;2958069
3544;11200630
3545;4441978
3546;3496600
3547;4204935
3548;4349723
3549;3951192
3550;3392421
3551;3682750
3552;9243328
3553;5523150
3554;1278840
3555;3554500
3556;4281816
3557;872960
3558;16988546
3559;6807793
3560;13415066
3561;820293
3562;3489510
3563;2682100
3564;4160273
3565;3651015
3566;3725684
3567;4199028
3568;3838180
3569;19781291
3570;1860387
3571;5372025
3572;4572775
3573;5979075
3574;2207610
3575;1702820
3576;13799675
3577;9006678
3578;1926305
3579;2225842
3580;22932766
3581;4735011
3582;2509772
3583;4371963
3584;9968608
3585;2477063
3586;2260454
3587;4801052
3588;3397633
3589;1845845
3590;7048186
3591;5612400
3592;3535081
3593;5900933
3594;4095500
3595;5258635
3596;3747428
3597;5498090
3598;3466692
3599;3061960
3600;5555477
3601;5521760
3602;5336152
3603;3202413
3604;3328537
3605;2213406
3606;3304822
3607;12815275
3608;6118610
3609;3584372
3610;3536288
3611;3026471
3612;2766877
3613;4611576
3614;3857233
3615;939450
3616;2632876
3617;3273900
3618;6178590
3619;2919350
3620;7150282
3621;4561000
3622;2632055
3623;6153250
3624;5832550
3625;5004511
3626;3203500
3627;3359166
3628;6028655
3629;1985090
3630;38302691
3631;2374250
3632;9642361
3633;1607400
3634;764063
3635;1947857
3636;3666628
3637;2606600
3638;8619450
3639;11369707
3640;4411583
3641;3445775
3642;9391981
3643;8276100
3644;4888015
3645;6867354
3646;2852846
3647;6181640
3648;12983
3649;34454920
3650;3567677
3651;4230576
3652;1715233
3653;20492980
3654;4558650
3655;2849271
3656;3976472
3657;2096780
3658;2893300
3659;7317166
3660;3920600
3661;3635425
3662;4925684
3663;4688870
3664;7907578
3665;1363600
3666;3455950
3667;4620400
3668;22934416
3669;3203609
3670;3044216
3671;4190400
3672;2639290
3673;4963180
3674;9492481
3675;1365500
3676;6222866
3677;2723014
3678;5122964
3679;7992560
3680;4482206
3681;14822130
3682;3758664
3683;2714466
3684;3057775
3685;8606869
3686;5027333
3687;2235409
3688;3731137
3689;2955533
3690;18120013
3691;5709225
3692;4636250
3693;5830728
3694;4992028
3695;3404840
3696;15724250
3697;7268492
3698;3586230
3699;4453690
3700;4448900
3701;4778354
3702;3281042
3703;3313973
3704;10110420
3705;20948421
3706;12380814
3707;2360600
3708;6788450
3709;3090285
3710;5141853
3711;7785360
3712;3895020
3713;3175693
3714;21470835
3715;10125469
3716;3346150
3717;4425988
3718;17178644
3719;4606885
3720;3749207
3721;2409564
3722;3105406
3723;2884770
3724;2348666
3725;4256336
3726;11926928
3727;3385962
3728;4910881
3729;17198042
3730;3935857
3731;4093092
3732;2553185
3733;19914514
3734;3688391
3735;3598250
3736;10433970
3737;2642400
3738;6665655
3739;5057772
3740;2775071
3741;2817616
3742;16277207
3743;3304175
3744;4003180
3745;3618971
3746;4034975
3747;2846200
3748;4008520
3749;5157753
3750;4074300
3751;4523147
3752;3645366
3753;4921245
3754;1016107
3755;7440755
3756;4757311
3757;6134292
3758;7245300
3759;2203022
3760;27213787
3761;5347026
3762;4414944
3763;4107488
3764;1645631
3765;3796400
3766;5948300
3767;4659171
3768;2082378
3769;2887106
3770;4532663
3771;3018866
3772;21221082
3773;7016662
3774;9190381
3775;3785920
3776;2544333
3777;5696660
3778;2600850
3779;5810685
3780;4623418
3781;3220360
3782;3938425
3783;6039036
3784;12393633
3785;4254827
3786;12916954
3787;3467800
3788;3916592
3789;3524883
3790;15901914
3791;6205825
3792;1427190
3793;3776663
3794;4133946
3795;5625650
3796;3296457
3797;6719800
3798;16294200
3799;4487343
3800;3724260
3801;14619866
3802;4359436
3803;3826823
3804;3919536
3805;5154107
3806;5970992
3807;10036308
3808;2247710
3809;2902590
3810;3278660
3811;3725641
3812;2733110
3813;1622177
3814;2858160
3815;2894353
3816;4930280
3817;20150890
3818;7041353
3819;6103960
3820;15356528
3821;8281700
3822;5044400
3823;6249500
3824;4977825
3825;5764166
3826;5430633
3827;2881242
3828;4336190
3829;11279345
3830;4501933
3831;5697662
3832;14397081
3833;2694908
3834;4259475
3835;14924880
3836;6897750
3837;5182487
3838;3386069
3839;6247944
3840;3323918
3841;18995512
3842;4939938
3843;6521360
3844;3697437
3845;9676600
3846;3062720
3847;3510735
3848;2773211
3849;4409653
3850;4169575
3851;30891810
3852;4358937
3853;2599094
3854;8343000
3855;2761309
3856;4628411
3857;3805100
3858;4262618
3859;891100
3860;3955392
3861;2156077
3862;4695964
3863;4682416
3864;5746544
3865;4672066
3866;3065100
3867;5867184
3868;3505769
3869;6464300
3870;4605741
3871;4396923
3872;3932776
3873;29231183
3874;3270022
3875;2916838
3876;3349760
3877;4747742
3878;4393527
3879;6505342
3880;4963992
3881;2665340
3882;2269800
3883;5522022
3884;2834823
3885;2689940
3886;5010888
3887;3857177
3888;24995842
3889;100984578
3890;4226350
3891;4004850
3892;7752375
3893;6352016
3894;5975176
3895;4588876
3896;3753362
3897;5452844
3898;4371826
3899;7476960
3900;24675246
3901;6350400
3902;2908133
3903;9372854
3904;5135829
3905;3688807
3906;4807445
3907;19591285
3908;8054809
3909;3497825
3910;6545850
3911;3588761
3912;5013831
3913;9249843
3914;5305290
3915;2532742
3916;2551444
3917;4659822
3918;3894214
3919;3829400
3920;3652490
3921;21020177
3922;21115100
3923;4632484
3924;7411078
3925;2999293
3926;27142776
3927;3470166
3928;14285217
3929;4895877
3930;9503214
3931;12402641
3932;3944785
3933;5246180
3934;4806633
3935;4193181
3936;3869550
3937;2619941
3938;2556736
3939;15699990
3940;25380315
3941;2894400
3942;4417326
3943;3409166
3944;23346950
3945;5626900
3946;3338133
3947;4038400
3948;3108000
3949;3018830
3950;4169286
3951;26202765
3952;5291508
3953;5705987
3954;4761643
3955;14024160
3956;47023256
3957;2423150
3958;6512720
3959;4378243
3960;3106180
3961;4056550
3962;3277190
3963;3448729
3964;13512920
3965;18107870
3966;24344300
3967;6536933
3968;4117057
3969;4542280
3970;3317146
3971;2050412
3972;3630421
3973;26008615
3974;3867912
3975;12680055
3976;6145983
3977;3572876
3978;9525160
3979;4775488
3980;5588293
3981;11858721
3982;4539237
3983;20087333
3984;5206953
3985;3385300
3986;8915544
3987;7427220
3988;4187090
3989;4201345
3990;5312175
3991;3505080
3992;5864684
3993;4080700
3994;3113261
3995;10811426
3996;3327108
3997;4760290
3998;5915925
3999;3347242
4000;3742700
4001;3366210
4002;18131513
4003;3579712
4004;5687910
4005;24190788
4006;4280540
4007;4981681
4008;8309127
4009;30856062
4010;3134800
4011;2894990
4012;3733633
4013;4479857
4014;54658950
4015;13448280
4016;7777745
4017;3077760
4018;15036350
4019;5424609
4020;4211833
4021;3195590
4022;3182142
4023;8814585
4024;2055750
4025;3227612
4026;6157300
4027;3125676
4028;5189300
4029;4127441
4030;31432107
4031;5719808
4032;3501125
4033;4274170
4034;1779683
4035;4798400
4036;3646227
4037;4532961
4038;4246320
4039;4757100
4040;2545566
4041;4042380
4042;4815885
4043;2571778
4044;3079425
4045;2959786
4046;5883192
4047;8368521
4048;5321312
4049;3059080
4050;5058092
4051;3058516
4052;3189930
4053;3400870
4054;22531437
4055;3748340
4056;1729900
4057;4227157
4058;7399000
4059;4012991
4060;4201488
4061;2809000
4062;3025236
4063;4478380
4064;2396787
4065;5066000
4066;4100410
4067;5227928
4068;5001112
4069;4388358
4070;3147140
4071;3609611
4072;4347862
4073;3441760
4074;4949640
4075;4304991
4076;4320530
4077;4365764
4078;4765222
4079;5349112
4080;7091266
4081;53627426
4082;4922758
4083;2583333
4084;5779954
4085;3669892
4086;2751615
4087;4181871
4088;4068171
4089;4138823
4090;5596061
4091;4961272
4092;4252225
4093;10925663
4094;1150160
4095;3036700
4096;3110525
4097;3118341
4098;4851185
4099;6802450
4100;4191992
4101;6607450
4102;3419447
4103;39892272
4104;6863787
4105;127178360
4106;4089987
4107;4520533
4108;4239842
4109;4770150
4110;4817072
4111;33309376
4112;7421346
4113;3711292
4114;3630720
4115;4147184
4116;3335300
4117;59212255
4118;3516107
4119;17294411
4120;4756990
4121;5811527
4122;5387181
4123;12348257
4124;5373409
4125;3597070
4126;1169460
4127;7520800
4128;49282262
4129;4606814
4130;8646200
4131;2942233
4132;4263450
4133;4491485
4134;4170172
4135;3458191
4136;10130517
4137;3126826
4138;9880037
4139;4552000
4140;4624783
4141;4629420
4142;3915810
4143;4125411
4144;2790175
4145;4586591
4146;9622972
4147;4351985
4148;8875900
4149;3702190
4150;3865390
4151;2443300
4152;4841350
4153;3544775
4154;4264336
4155;3845940
4156;8709933
4157;3806800
4158;5175033
4159;4012233
4160;2716192
4161;6530337
4162;12897370
4163;4668422
4164;8026433
4165;4190270
4166;3540938
4167;20464500
4168;2149430
4169;30874630
4170;12494750
4171;10982822
4172;3723615
4173;4614793
4174;4620250
4175;2969700
4176;2336478
4177;6461333
4178;6852216
4179;2305008
4180;2459681
4181;13191760
4182;3409880
4183;4654723
4184;8166500
4185;5549375
4186;4633690
4187;4266271
4188;2347790
4189;3629537
4190;3810020
4191;5493393
4192;7331223
4193;4049645
4194;4394814
4195;4224318
4196;2526550
4197;4245960
4198;4253194
4199;2566261
4200;5135853
4201;34370520
4202;4392953
4203;3383300
4204;5811888
4205;4673425
4206;3329714
4207;4814712
4208;5718540
4209;13556872
4210;4765763
4211;2784887
4212;4694270
4213;3510588
4214;44064988
4215;3535288
4216;5459053
4217;3836642
4218;8202900
4219;4367873
4220;5663110
4221;6431655
4222;14536321
4223;4423757
4224;7781931
4225;4932970
4226;4707294
4227;3345358
4228;3702688
4229;11838693
4230;5735811
4231;11205518
4232;5742650
4233;5102516
4234;4700400
4235;3633583
4236;4570050
4237;3584623
4238;27985046
4239;23279554
4240;3414633
4241;3775328
4242;3832227
4243;69392658
4244;3355112
4245;4279242
4246;3853118
4247;33081906
4248;9266570
4249;3975206
4250;5386269
4251;3082300
4252;4352350
4253;4184033
4254;2475158
4255;4517366
4256;3871146
4257;3719928
4258;14631346
4259;5009405
4260;6563283
4261;68200491
4262;3234193
4263;16601320
4264;5358758
4265;4038625
4266;4527973
4267;4995628
4268;2128954
4269;4993975
4270;4375183
4271;3250042
4272;5119036
4273;4378662
4274;3600740
4275;5290942
4276;4327727
4277;9989350
4278;9203347
4279;5169500
4280;7493855
4281;11884438
4282;3817620
4283;4803000
4284;5283021
4285;4805715
4286;3875569
4287;3724466
4288;3379962
4289;5130262
4290;28198921
4291;4335666
4292;4754412
4293;4626610
4294;4771328
4295;4300466
4296;16313471
4297;13473246
4298;3525466
4299;4926610
4300;3799130
4301;3000157
4302;48084540
4303;4456369
4304;9032011
4305;3374900
4306;42892733
4307;5279347
4308;1981900
4309;4971166
4310;4411400
4311;20878329
4312;9799681
4313;3703246
4314;3363466
4315;10596030
4316;3861814
4317;5110364
4318;4277240
4319;2855178
4320;5817021
4321;5818171
4322;4396125
4323;2989791
4324;4611720
4325;3788620
4326;12134081
4327;4595200
4328;4735100
4329;4529917
4330;3594945
4331;4468022
4332;6807582
4333;7014321
4334;6435933
4335;2981935
4336;5950466
4337;4974816
4338;4669354
4339;4907633
4340;37242050
4341;6013890
4342;4935490
4343;2668150
4344;2721277
4345;2836026
4346;6257758
4347;4225136
4348;38526590
4349;2785712
4350;3355513
4351;12530218
4352;4847566
4353;7978829
4354;4275050
4355;7628375
4356;6723605
4357;4243069
4358;12430100
4359;4403408
4360;10072540
4361;2215514
4362;6806441
4363;4375700
4364;15683011
4365;4759741
4366;20625241
4367;3749416
4368;42825127
4369;5316868
4370;5229472
4371;14941250
4372;5642306
4373;6718360
4374;3280400
4375;4247000
4376;4341410
4377;4787442
4378;3789740
4379;679471
4380;18617575
4381;4360100
4382;3894412
4383;3614275
4384;1059083
4385;5274878
4386;62923370
4387;6036316
4388;4196266
4389;3173444
4390;3563311
4391;3680214
4392;4465420
4393;5028427
4394;4335208
4395;5105960
4396;5245890
4397;6816700
4398;4698842
4399;4390864
4400;4846237
4401;12467430
4402;4500664
4403;23741318
4404;7105550
4405;3602185
4406;19630100
4407;4330188
4408;5157084
4409;1547955
4410;3212309
4411;5460306
4412;4967433
4413;11406088
4414;3773781
4415;6858785
4416;4365490
4417;33680525
4418;4422150
4419;8051814
4420;3002569
4421;3476955
4422;3313307
4423;6142308
4424;4900900
4425;13217380
4426;5830945
4427;6062300
4428;4843987
4429;901033
4430;31886233
4431;4067357
4432;4892358
4433;7847400
4434;9948414
4435;3708685
4436;3519968
4437;4916540
4438;5000244
4439;5871425
4440;4495423
4441;36186372
4442;17451333
4443;4181672
4444;6780753
4445;4915746
4446;5295246
4447;33661533
4448;3322607
4449;5479210
4450;3390791
4451;13728966
4452;3089714
4453;5841890
4454;5983350
4455;51219964
4456;41433166
4457;23675484
4458;5383745
4459;12772611
4460;4519088
4461;8581846
4462;4414880
4463;1416970
4464;37164291
4465;6172840
4466;4464441
4467;7457714
4468;3489317
4469;5293700
4470;5346846
4471;9749826
4472;7868470
4473;5456094
4474;5021258
4475;5781733
4476;5503482
4477;2412288
4478;2848585
4479;4117463
4480;5180330
4481;4494700
4482;6310980
4483;6755454
4484;3446333
4485;53138488
4486;13662566
4487;20770314
4488;5071000
4489;4820706
4490;21737136
4491;4747118
4492;5156946
4493;6687164
4494;7874900
4495;3318883
4496;3162944
4497;3365886
4498;6600357
4499;5067887
4500;5125266
4501;13250422
4502;5115882
4503;2695585
4504;13231841
4505;4589991
4506;4881542
4507;5307428
4508;33357876
4509;8744891
4510;6159720
4511;3552550
4512;5064550
4513;4079989
4514;5827994
4515;4104716
4516;4742178
4517;5563300
4518;4479841
4519;3921850
4520;5340590
4521;3660460
4522;5008311
4523;14034181
4524;3187040
4525;2773233
4526;7527130
4527;4838371
4528;5968536
4529;9980300
4530;4922263
4531;2533300
4532;4054512
4533;8948658
4534;5281033
4535;4493153
4536;5226885
4537;4417706
4538;8632155
4539;3657030
4540;15972171
4541;7400907
4542;3440587
4543;6376927
4544;67655610
4545;7990511
4546;7589733
4547;6304340
4548;6772633
4549;4265450
4550;4165540
4551;4837300
4552;6070057
4553;7541775
4554;9198675
4555;11991984
4556;4485861
4557;5311482
4558;5519944
4559;11893080
4560;4697892
4561;5284254
4562;3633442
4563;6873711
4564;6089160
4565;52145790
4566;6730466
4567;6197688
4568;3004677
4569;23240580
4570;3841230
4571;9739846
4572;4388666
4573;6141275
4574;8025233
4575;63234550
4576;4208350
4577;7134000
4578;12522455
4579;3627842
4580;4988542
4581;5829180
4582;4023266
4583;4694550
4584;38445875
4585;4202653
4586;3620420
4587;72554141
4588;2937661
4589;10710283
4590;26101538
4591;7857416
4592;5006026
4593;5907146
4594;3558250
4595;5339855
4596;5437971
4597;10456241
4598;3216553
4599;4574033
4600;8084541
4601;4408681
4602;4982885
4603;4649354
4604;3160590
4605;6415718
4606;28699615
4607;3718837
4608;5672476
4609;4068083
4610;4981358
4611;3656516
4612;4837333
4613;4675609
4614;3800469
4615;3079571
4616;4408050
4617;10775892
4618;4131777
4619;14440511
4620;9981907
4621;5034670
4622;3048055
4623;3829527
4624;25603326
4625;22393066
4626;4310450
4627;4379107
4628;5795277
4629;3263900
4630;4559378
4631;78853822
4632;5821580
4633;5495512
4634;4812752
4635;5303116
4636;4334518
4637;20557758
4638;3363990
4639;3203975
4640;5642542
4641;22554491
4642;1667800
4643;4721935
4644;67505533
4645;5732100
4646;4840066
4647;3984930
4648;8013300
4649;77936055
4650;5059664
4651;4185316
4652;4046030
4653;3943176
4654;4207663
4655;5846385
4656;4287291
4657;5573518
4658;3492508
4659;3314714
4660;9370952
4661;5718220
4662;4609476
4663;3942444
4664;16552707
4665;13500040
4666;28869166
4667;8838327
4668;3862072
4669;4982681
4670;6284822
4671;3436711
4672;13679958
4673;39093386
4674;5127687
4675;4956344
4676;3933550
4677;22045144
4678;2057075
4679;7085750
4680;5547445
4681;5631637
4682;3936300
4683;10051550
4684;5278225
4685;42411678
4686;3434190
4687;22636783
4688;5275458
4689;3718191
4690;25406940
4691;5368846
4692;3856530
4693;7771226
4694;8549466
4695;4154536
4696;8850587
4697;4214612
4698;16198435
4699;11081320
4700;10617073
4701;6998421
4702;6148141
4703;3809072
4704;7049511
4705;13026110
4706;1634728
4707;9490635
4708;3511483
4709;22144812
4710;4746557
4711;4602900
4712;4440380
4713;5750863
4714;5073816
4715;7148890
4716;4844811
4717;6495361
4718;5988160
4719;10886633
4720;18332500
4721;3786276
4722;4217684
4723;5360987
4724;12657190
4725;4850211
4726;26557633
4727;7187218
4728;4749135
4729;4255123
4730;11224345
4731;4278000
4732;5478687
4733;5508525
4734;4408281
4735;4627666
4736;50423844
4737;6182521
4738;6883783
4739;42829527
4740;4069537
4741;4378137
4742;5702576
4743;53974656
4744;4027537
4745;4011330
4746;4903860
4747;3651672
4748;4997682
4749;23914391
4750;6071641
4751;6721770
4752;2976485
4753;4254491
4754;4115858
4755;4907185
4756;5144390
4757;4038128
4758;4013750
4759;33329100
4760;5281871
4761;5489950
4762;7879341
4763;5017854
4764;7246600
4765;4360757
4766;3826930
4767;62787161
4768;5060711
4769;3188262
4770;3939172
4771;5539700
4772;5451872
4773;2880375
4774;3089883
4775;4706566
4776;3996312
4777;3918317
4778;3099664
4779;4452769
4780;6948476
4781;5451216
4782;2788942
4783;48019791
4784;3070957
4785;3201282
4786;4081760
4787;8012600
4788;5532875
4789;8720833
4790;5395345
4791;5047000
4792;28909880
4793;3964528
4794;83238860
4795;5597471
4796;4251238
4797;5986383
4798;134307741
4799;4638630
4800;5122123
4801;4354890
4802;32331073
4803;30379325
4804;5844400
4805;6370573
4806;4573400
4807;22635191
4808;18200760
4809;4286137
4810;22378070
4811;3060000
4812;5110610
4813;19801928
4814;3710242
4815;60246570
4816;7482327
4817;9548100
4818;4767142
4819;3194869
4820;28005507
4821;3078112
4822;4208081
4823;3593446
4824;5802460
4825;3876444
4826;5328658
4827;81040541
4828;3519338
4829;6274966
4830;9702187
4831;5663061
4832;10686600
4833;5779112
4834;5397333
4835;4616261
4836;4718387
4837;3107062
4838;5812300
4839;5964018
4840;18033900
4841;5062566
4842;4049738
4843;4348283
4844;5601053
4845;4316426
4846;5256687
4847;7919100
4848;54687157
4849;4362600
4850;6341100
4851;5318571
4852;4827253
4853;25067600
4854;5463900
4855;6767484
4856;5404435
4857;3604760
4858;107990950
4859;5189438
4860;6588640
4861;4743600
4862;5425700
4863;3680510
4864;5791646
4865;41287241
4866;5265730
4867;4250500
4868;4341541
4869;4111875
4870;4597100
4871;4757413
4872;4396500
4873;3208764
4874;4154945
4875;6354610
4876;5133511
4877;3303142
4878;9584050
4879;6430371
4880;3918541
4881;4476407
4882;4118980
4883;5775861
4884;4357900
4885;5887327
4886;16064413
4887;5711242
4888;6270515
4889;4381888
4890;4909869
4891;4427669
4892;10822090
4893;5356766
4894;4966753
4895;19050886
4896;36928918
4897;3723161
4898;4959457
4899;3502409
4900;7897973
4901;4346781
4902;5604692
4903;5050790
4904;5300900
4905;3375377
4906;8325500
4907;4116929
4908;3255816
4909;4459188
4910;5156154
4911;5724554
4912;5899071
4913;5235364
4914;3232036
4915;5333454
4916;19299086
4917;2272540
4918;5069208
4919;21091629
4920;4232988
4921;6795200
4922;11570714
4923;3918436
4924;6846577
4925;3999930
4926;4472261
4927;6442725
4928;2742990
4929;5033485
4930;5034907
4931;5811076
4932;4124392
4933;6305466
4934;4028411
4935;93026746
4936;5140663
4937;6491992
4938;4621320
4939;6589100
4940;19848252
4941;3233066
4942;3396571
4943;59289000
4944;6166950
4945;48658722
4946;23170720
4947;6113023
4948;47996928
4949;5873308
4950;7631325
4951;5387016
4952;6581000
4953;5636910
4954;4036641
4955;4934225
4956;27612381
4957;39365290
4958;3184416
4959;5183316
4960;5829240
4961;5227177
4962;4394970
4963;17680213
4964;2856362
4965;4678472
4966;4677776
4967;6721472
4968;92078975
4969;5265433
4970;4360625
4971;4741111
4972;4262828
4973;5048420
4974;4068233
4975;3655000
4976;4307153
4977;5781900
4978;5016806
4979;3987920
4980;3240200
4981;6133808
4982;7389014
4983;17458000
4984;5238590
4985;102579891
4986;5793555
4987;6564850
4988;22146690
4989;4856393
4990;11503300
4991;5642527
4992;11532900
4993;6163775
4994;3968262
4995;4765128
4996;6057500
4997;5660226
4998;100814787
4999;4251822
