0;11443
1;11255
2;12291
3;11893
4;11847
5;11373
6;9921523
7;10914
8;18992
9;12000
10;2386616
11;12527
12;9970
13;10794
14;2930795
15;13672
16;3095950
17;12258
18;2519536
19;11230
20;12653
21;11208
22;11991
23;12795
24;12029
25;1752245
26;2470585
27;11862
28;5247470
29;1987003
30;12921
31;12320
32;12350
33;11862
34;25572
35;6809114
36;11480
37;4779922
38;2303712
39;4381533
40;11466
41;11612
42;13325
43;11273
44;11695
45;12295
46;5351445
47;2937540
48;10938
49;11400
50;11757
51;11860
52;9654
53;4657817
54;14906
55;11529
56;11835
57;2508884
58;10595
59;11152
60;10440
61;23331
62;11229
63;12465
64;2841650
65;18214
66;2832035
67;2257676
68;5648650
69;11504
70;12683
71;2339404
72;6518286
73;2332737
74;4204953
75;11230
76;2318524
77;6182315
78;6748870
79;4807738
80;11085
81;10709
82;2868636
83;15685
84;3355360
85;11531
86;11793
87;2666281
88;11761
89;4593628
90;10433
91;7812321
92;2522875
93;11675
94;4256758
95;11878
96;2294087
97;4200578
98;11834
99;5715031
100;5889931
101;11311
102;6211794
103;13200
104;11529
105;5087047
106;9378208
107;11889
108;2098875
109;3889569
110;11741
111;3910060
112;22500
113;7263762
114;2851386
115;14378
116;12361
117;12869
118;2110960
119;2964185
120;12873750
121;4313237
122;2498845
123;16422
124;11210
125;2824880
126;11924
127;2814776
128;10921
129;4142011
130;10975
131;11006
132;2133126
133;2229400
134;10926
135;6126392
136;11096
137;4916770
138;11400
139;6834596
140;2683972
141;2939609
142;2896842
143;2632729
144;1945818
145;12584
146;2411361
147;11658
148;3030635
149;7954778
150;4470666
151;2715586
152;12384
153;12220
154;11750
155;15300
156;4993911
157;3651976
158;10979
159;11111
160;10173
161;1974800
162;2783919
163;4621256
164;9770
165;10777
166;4082258
167;11383
168;3070535
169;11236
170;3741975
171;10994
172;2335731
173;11940
174;4628000
175;2510334
176;16711
177;2874052
178;2987168
179;2136596
180;12452
181;9833329
182;11896439
183;11472
184;11691
185;10894907
186;5186404
187;8510070
188;5110123
189;3391026
190;12926
191;5222140
192;3899578
193;4194481
194;2324911
195;2327782
196;10494
197;5503570
198;4359941
199;2356268
200;11210
201;13166
202;5972015
203;8591855
204;3715303
205;1918823
206;11505
207;9185324
208;4971300
209;11026
210;11052
211;12733
212;6496337
213;3322986
214;2177082
215;3477200
216;3413811
217;5495584
218;11915
219;4158550
220;5790713
221;12826
222;6167739
223;6117268
224;11395
225;10187196
226;5829515
227;7295690
228;3815980
229;3656995
230;13492
231;5010143
232;3054747
233;3014336
234;12435
235;7967475
236;3218986
237;3617121
238;11315
239;2201975
240;10464
241;7170645
242;2545113
243;2513679
244;9123072
245;2099791
246;12008845
247;9432860
248;12029
249;2023529
250;6205378
251;10354
252;3081061
253;2347860
254;5172330
255;2127907
256;8670405
257;2272716
258;5885719
259;8325590
260;11165
261;3522961
262;2147200
263;8381376
264;10764752
265;2652716
266;5998742
267;11061
268;2611031
269;14882170
270;12385
271;11431
272;11145
273;3617850
274;6302210
275;4141825
276;4219361
277;3148282
278;12178
279;3697823
280;2674072
281;6811087
282;12197545
283;3226886
284;4817413
285;2632695
286;3427746
287;2671943
288;10824
289;2616580
290;3089638
291;10690
292;1919316
293;2036269
294;6692088
295;2239396
296;12968
297;6776888
298;2414411
299;7497506
300;13639
301;4376558
302;4180156
303;3516418
304;6040782
305;11690
306;10946250
307;14869
308;12472
309;11778
310;7865331
311;5045369
312;3915773
313;4642190
314;11304
315;3591100
316;3747668
317;2469695
318;4764385
319;5021840
320;3424022
321;11308
322;11384
323;2832100
324;10133
325;14117
326;3218866
327;12305
328;10096368
329;6281420
330;2043991
331;2258278
332;7108694
333;5397095
334;11580
335;7028100
336;7946046
337;3641635
338;13885
339;2818622
340;3304482
341;10880
342;4037386
343;8688765
344;2905690
345;2766378
346;3939835
347;2497420
348;2984117
349;11100
350;2740657
351;2788781
352;14370428
353;8308764
354;3264788
355;2956570
356;10416417
357;5915390
358;2571185
359;11104
360;4811771
361;13152
362;12166
363;2458191
364;2852000
365;4974847
366;11004546
367;3785137
368;9240465
369;3202447
370;2463420
371;13665
372;5591200
373;2839577
374;3899200
375;4671518
376;12376
377;11252
378;10175982
379;9227010
380;9135273
381;8369285
382;3233078
383;11194
384;2678080
385;10852168
386;14617291
387;14364690
388;6338269
389;2172932
390;3007994
391;9619561
392;5835577
393;10340005
394;11682
395;10055
396;4221791
397;6523312
398;11080
399;4289913
400;4201053
401;7587924
402;2295576
403;11009
404;10502100
405;10248
406;9275169
407;4544361
408;4171392
409;2920152
410;4146277
411;5486323
412;5411352
413;4444877
414;4831184
415;3852435
416;10529065
417;3737133
418;3740800
419;7810565
420;3194190
421;6812168
422;5251588
423;11301617
424;12455895
425;4082513
426;11702776
427;7688680
428;7704382
429;6939422
430;3466622
431;2360590
432;3700168
433;2035037
434;10606
435;2915211
436;2635336
437;5031672
438;3983851
439;11583580
440;2200096
441;12536338
442;13082
443;4500817
444;11955
445;5498822
446;11020
447;3583600
448;12326116
449;3115221
450;5584600
451;4321630
452;3287621
453;8309938
454;5120030
455;8009465
456;13005775
457;11334
458;6688403
459;3105513
460;4415116
461;10088281
462;11690
463;2354792
464;14653347
465;6049026
466;3582042
467;8561520
468;6652725
469;2482454
470;7790931
471;8395745
472;3352261
473;11985
474;4596200
475;13305279
476;13813
477;7742246
478;9457652
479;4143925
480;6317146
481;5038712
482;6244452
483;3171226
484;14782531
485;2553330
486;15957
487;2741444
488;4941681
489;1819837
490;5304321
491;2673327
492;3152175
493;11392
494;11456566
495;5904534
496;6619142
497;9978458
498;6968852
499;7569975
500;12138
501;2405573
502;4515208
503;2403750
504;13926581
505;11089433
506;3584120
507;12469
508;3805760
509;5897913
510;11900
511;8386191
512;2491613
513;11470
514;10701825
515;3191785
516;4233864
517;9566237
518;3983671
519;4349847
520;6001569
521;4935237
522;6443100
523;2435873
524;4816387
525;10461
526;5934926
527;2457055
528;10395223
529;10336134
530;19889195
531;18015864
532;2972386
533;11345
534;15588778
535;12363866
536;6497477
537;14515
538;7998417
539;2729857
540;6810005
541;2910895
542;5073552
543;7580504
544;8188793
545;12419
546;2032196
547;5408050
548;1736210
549;4774126
550;3515461
551;7158879
552;7939985
553;7035080
554;15086339
555;6255177
556;5418352
557;4004412
558;11178
559;3254872
560;6907529
561;6461450
562;5908285
563;12837
564;10032876
565;2446473
566;2556573
567;10038522
568;14247493
569;9645840
570;19198220
571;7746178
572;15047375
573;6783327
574;7270990
575;2429883
576;5371859
577;2887104
578;8259186
579;9558516
580;11036534
581;7854822
582;11256
583;2978040
584;11372957
585;6343210
586;4976543
587;20172645
588;17212695
589;15873973
590;8422388
591;10846492
592;12552267
593;12073
594;2521209
595;12102182
596;9427326
597;7829941
598;4671248
599;7070834
600;10084895
601;6628035
602;4462408
603;9538582
604;4890754
605;2405575
606;8660430
607;18040455
608;10806
609;2559804
610;3946575
611;9414008
612;8265036
613;8983754
614;3324252
615;6746683
616;4120781
617;10957773
618;5597410
619;3669703
620;5986805
621;13015672
622;9637290
623;2867455
624;3136770
625;6374429
626;6659511
627;7654682
628;4305907
629;10664322
630;13680647
631;12242016
632;4610134
633;15796754
634;11345043
635;7384711
636;7399795
637;4366803
638;7863590
639;11661428
640;10600
641;9756194
642;8574826
643;2147232
644;9884470
645;7407333
646;17889727
647;16607134
648;29767447
649;3240779
650;4543736
651;2301563
652;7811022
653;2766566
654;9763912
655;5810961
656;4395084
657;5000713
658;11473
659;4416121
660;18686195
661;2572114
662;6611733
663;14181320
664;10905
665;6917458
666;10358178
667;11688
668;7476837
669;2323690
670;8823130
671;5893690
672;4737673
673;5779450
674;1940480
675;7215663
676;5896340
677;12182033
678;9093825
679;3411064
680;12995234
681;7352900
682;3895146
683;2485308
684;10049020
685;8346532
686;5896095
687;14574657
688;9100604
689;2523764
690;9012571
691;11795
692;12727777
693;6320836
694;10508722
695;4071634
696;13500588
697;11057
698;6298144
699;3918794
700;8568936
701;2678913
702;13712218
703;9400300
704;2299308
705;8198718
706;4157273
707;10621642
708;12228
709;4589480
710;9474350
711;9761577
712;2672977
713;4177374
714;3957800
715;5456113
716;18778733
717;7606432
718;12045
719;20503944
720;5168459
721;13509837
722;4061746
723;12215800
724;6582988
725;2266388
726;6035878
727;3782865
728;7211333
729;9933461
730;9011036
731;5578357
732;5729817
733;8092557
734;2248630
735;2408305
736;3681888
737;2597610
738;6424552
739;9894623
740;9296784
741;6555533
742;10024773
743;8075296
744;6597833
745;9677028
746;11011
747;5199228
748;8920757
749;3446585
750;6692358
751;21634668
752;12869680
753;10144434
754;16878977
755;5027400
756;16537112
757;10200875
758;12058280
759;12112757
760;4361895
761;17372894
762;10950
763;8393772
764;16315979
765;13625
766;13502152
767;6845311
768;13573638
769;11769288
770;2402945
771;6357585
772;15030240
773;6465323
774;5981980
775;10568467
776;7128580
777;14870555
778;2651145
779;13390796
780;3643266
781;3214550
782;4728808
783;6834184
784;8959211
785;6375396
786;12259334
787;12912
788;6408136
789;4745308
790;3624377
791;8885473
792;6607491
793;2325969
794;6901980
795;10188448
796;10104866
797;2755364
798;10994163
799;7329928
800;2925295
801;10263624
802;7620547
803;6109650
804;7570162
805;5950531
806;3501017
807;6494461
808;10041978
809;17855686
810;13465450
811;9721141
812;16731166
813;2073558
814;10154683
815;8753538
816;10802721
817;12778947
818;2595356
819;27096150
820;4862208
821;5295100
822;11982595
823;8652357
824;7055410
825;14002162
826;13333
827;5710966
828;3020970
829;21363777
830;13899260
831;7220246
832;6657026
833;15020139
834;4745032
835;9015253
836;2841915
837;9288947
838;4671725
839;16253230
840;17611692
841;3953733
842;13460791
843;8308569
844;6741837
845;16646016
846;11183885
847;10925745
848;11350
849;17967670
850;2678483
851;4638696
852;8915385
853;4952772
854;8721346
855;5051321
856;8448923
857;8365080
858;4684053
859;12257738
860;11943074
861;13719188
862;4470810
863;18542842
864;11634
865;9449946
866;8039530
867;18305938
868;12144133
869;21786675
870;13954507
871;18166420
872;14276231
873;12490166
874;12935891
875;4030575
876;16513500
877;11175707
878;11438676
879;20611180
880;12792873
881;3101467
882;10755357
883;10245572
884;7813443
885;7523342
886;9296640
887;10632544
888;10627641
889;5856760
890;15035939
891;10194373
892;6821300
893;15148465
894;16043878
895;7157122
896;12329972
897;2417076
898;21495319
899;6531100
900;12490621
901;6636578
902;13941990
903;4859855
904;2773350
905;3539870
906;13248720
907;17594529
908;19596333
909;6438062
910;12738804
911;4446730
912;28522021
913;3113256
914;33779055
915;12089605
916;7464486
917;17392377
918;8755057
919;2474778
920;8312922
921;7143617
922;25950542
923;8879625
924;11346095
925;20801847
926;7991884
927;8361935
928;9102795
929;21359390
930;4997166
931;8072180
932;12060957
933;13754609
934;3318157
935;15361615
936;7659855
937;12170315
938;10468676
939;15859464
940;19114356
941;13323222
942;15228863
943;7305468
944;4078285
945;13514580
946;1772675
947;11764660
948;7010780
949;12695872
950;6542192
951;2453420
952;28123842
953;12488591
954;2963094
955;4620452
956;8114305
957;6332800
958;10542080
959;8949170
960;12410331
961;22420278
962;13569745
963;12010734
964;3491778
965;8512157
966;3506471
967;6448137
968;8139381
969;5891989
970;7626682
971;8823647
972;9776952
973;10061418
974;11570004
975;9218903
976;24818985
977;14605986
978;10165488
979;4248530
980;18279547
981;11618050
982;6942425
983;11574979
984;22568166
985;15648845
986;16738621
987;2966755
988;10651500
989;11155256
990;3838840
991;21849104
992;7608152
993;15693600
994;17677657
995;11639610
996;14029856
997;20898747
998;8299337
999;19255222
1000;6857554
1001;10612614
1002;13509694
1003;3890238
1004;12740796
1005;4465761
1006;6085727
1007;20047825
1008;14327441
1009;2992880
1010;39850
1011;9003250
1012;9288805
1013;14063272
1014;5391685
1015;21745876
1016;16107475
1017;22046500
1018;18131926
1019;17632072
1020;6053721
1021;16172982
1022;7936386
1023;7538869
1024;8026605
1025;3615763
1026;7272311
1027;18323770
1028;14788900
1029;7462000
1030;13145838
1031;15383310
1032;13789116
1033;2221800
1034;15934196
1035;8955647
1036;21887553
1037;14785287
1038;7437803
1039;15779203
1040;11716968
1041;8990972
1042;17280245
1043;16899027
1044;22434695
1045;19742738
1046;30937552
1047;11508860
1048;15249792
1049;18322761
1050;15973889
1051;10051678
1052;24410317
1053;16828621
1054;13128651
1055;4958572
1056;17493984
1057;14327083
1058;17327092
1059;9886080
1060;13045
1061;14517025
1062;7094756
1063;8384480
1064;6982764
1065;14342458
1066;8047147
1067;2731461
1068;11747982
1069;11562883
1070;6255235
1071;18465884
1072;11982742
1073;17653536
1074;14264477
1075;7840491
1076;18944485
1077;9527162
1078;17002738
1079;13138954
1080;10030768
1081;11507012
1082;8975996
1083;10461664
1084;12906852
1085;16054065
1086;6816372
1087;13022079
1088;19516700
1089;9535563
1090;10871104
1091;2595411
1092;13885860
1093;16584982
1094;7734803
1095;11273559
1096;12174258
1097;2540126
1098;6376452
1099;12656852
1100;16255050
1101;11926948
1102;5642700
1103;9250416
1104;6187605
1105;6049347
1106;15489022
1107;11562596
1108;7552517
1109;6999810
1110;11888316
1111;9709652
1112;11738491
1113;9778048
1114;12525435
1115;9239636
1116;7427253
1117;38104982
1118;10985111
1119;9159210
1120;8706040
1121;12791258
1122;1592278
1123;10821760
1124;9508294
1125;7466986
1126;15778330
1127;16686682
1128;15909482
1129;2960575
1130;9285160
1131;16419783
1132;18226307
1133;16672527
1134;27763925
1135;18553060
1136;12973453
1137;9463888
1138;9339137
1139;6977426
1140;12806759
1141;13464725
1142;26553755
1143;20644930
1144;15135693
1145;22890756
1146;18289704
1147;13416182
1148;19559357
1149;15727308
1150;8589177
1151;9313320
1152;6351311
1153;2683210
1154;23665837
1155;13811300
1156;12523084
1157;12232166
1158;17272728
1159;9327510
1160;6792629
1161;16888695
1162;12952104
1163;19152678
1164;10795060
1165;4820390
1166;20839896
1167;13729803
1168;7366700
1169;12277507
1170;8036595
1171;14282904
1172;11577538
1173;26396215
1174;8144495
1175;28960612
1176;11020779
1177;13655740
1178;10195682
1179;35978500
1180;8628492
1181;8850211
1182;15860866
1183;19830288
1184;8986310
1185;4885700
1186;31994975
1187;4124205
1188;12431129
1189;11750300
1190;11944052
1191;18895111
1192;30451411
1193;10892713
1194;7965580
1195;10489574
1196;9442550
1197;16353667
1198;5526110
1199;23654028
1200;11019986
1201;14818741
1202;12430488
1203;13228211
1204;14577565
1205;5379300
1206;11603968
1207;11679680
1208;10770776
1209;12154857
1210;20376140
1211;15793494
1212;7689376
1213;12904881
1214;11250803
1215;8556364
1216;23210984
1217;16414192
1218;29590218
1219;13623411
1220;9145111
1221;13219447
1222;28870105
1223;10999262
1224;12068652
1225;13911520
1226;6556625
1227;9366605
1228;7978581
1229;13106683
1230;16265920
1231;17225160
1232;6468876
1233;20371607
1234;14848945
1235;13459966
1236;9942350
1237;12662496
1238;9582569
1239;15840368
1240;9241260
1241;20494963
1242;25610070
1243;15533865
1244;4480190
1245;5262290
1246;7477926
1247;3540372
1248;3964473
1249;8061552
1250;18421830
1251;18362758
1252;10288837
1253;9969081
1254;23776959
1255;13700426
1256;18672016
1257;5573540
1258;18719544
1259;13549500
1260;17007718
1261;6763740
1262;10673800
1263;17343975
1264;14030476
1265;6748661
1266;9279241
1267;21633936
1268;12966919
1269;33578208
1270;4018925
1271;16174208
1272;7298825
1273;16116650
1274;11638371
1275;13866763
1276;14381277
1277;10784881
1278;13208400
1279;12206
1280;11906645
1281;27679804
1282;11299404
1283;19830304
1284;12365464
1285;19752580
1286;10514800
1287;22427936
1288;14528155
1289;23320478
1290;22262708
1291;3757988
1292;16020789
1293;29985260
1294;19143775
1295;17828407
1296;21421186
1297;11454883
1298;21519928
1299;10791110
1300;13687180
1301;16433617
1302;6177880
1303;13800875
1304;11423005
1305;18035021
1306;9954033
1307;13482016
1308;18995546
1309;4490933
1310;17891120
1311;16490488
1312;20445842
1313;19097067
1314;9778342
1315;6322692
1316;34723300
1317;11123387
1318;41741604
1319;19937857
1320;9877583
1321;12492700
1322;12957185
1323;20042254
1324;14938027
1325;19678590
1326;15104969
1327;9690412
1328;9244455
1329;16170530
1330;7341429
1331;8831772
1332;14404088
1333;18667275
1334;23448715
1335;22565614
1336;19684085
1337;16663330
1338;6564055
1339;21766277
1340;18705409
1341;19345565
1342;11657446
1343;12942426
1344;9960916
1345;21183727
1346;11433119
1347;7369291
1348;11093432
1349;22585396
1350;20234655
1351;9759920
1352;30641006
1353;22085310
1354;15547147
1355;21659050
1356;12754108
1357;12513704
1358;9890030
1359;16170645
1360;6321876
1361;8432320
1362;10787457
1363;11767368
1364;17512007
1365;11761184
1366;8844310
1367;17084076
1368;4887400
1369;23201429
1370;10421603
1371;29580644
1372;8432775
1373;17638031
1374;5196359
1375;10417392
1376;10681659
1377;13611544
1378;11256
1379;8598430
1380;24365628
1381;15196990
1382;30666668
1383;6475539
1384;24062600
1385;6184157
1386;15453581
1387;10905063
1388;16669413
1389;13011070
1390;11286161
1391;14026931
1392;26170188
1393;15006321
1394;12259910
1395;16288750
1396;3003611
1397;11157890
1398;16182568
1399;21137948
1400;26534783
1401;12611175
1402;21258566
1403;4186872
1404;6531468
1405;31912488
1406;10676795
1407;9739808
1408;22755061
1409;15682013
1410;19351382
1411;6559966
1412;26514791
1413;24037312
1414;19207850
1415;13414254
1416;15126031
1417;3755021
1418;15389163
1419;12905596
1420;22257484
1421;16071135
1422;34809533
1423;13634480
1424;11426435
1425;15732645
1426;11791711
1427;7691312
1428;29750390
1429;9691204
1430;4744717
1431;22710276
1432;17011471
1433;6878243
1434;32204631
1435;10685100
1436;23383321
1437;13226826
1438;13752971
1439;15292703
1440;6888411
1441;11200070
1442;29331889
1443;13992131
1444;9526922
1445;8637642
1446;12297730
1447;13467580
1448;17916939
1449;24417586
1450;6029055
1451;12667310
1452;11724204
1453;9575378
1454;17769600
1455;14866510
1456;3284125
1457;8113942
1458;10871809
1459;9695828
1460;17217811
1461;15895064
1462;9298841
1463;17856995
1464;37588869
1465;17501136
1466;22889805
1467;9906950
1468;13197820
1469;16526692
1470;15290036
1471;29476542
1472;18188800
1473;11014620
1474;8906753
1475;41047634
1476;10475010
1477;10654140
1478;8362880
1479;17461004
1480;22878576
1481;9705845
1482;7343735
1483;19284815
1484;18235876
1485;7062720
1486;14208352
1487;11610357
1488;22710815
1489;19545225
1490;22017260
1491;25827383
1492;12044858
1493;7058992
1494;7625713
1495;8716445
1496;24334342
1497;4506734
1498;25373104
1499;21774700
1500;27684163
1501;8007176
1502;19857660
1503;12218080
1504;39350457
1505;10336147
1506;15110768
1507;7917671
1508;23232195
1509;15300325
1510;7440725
1511;16300614
1512;17657400
1513;16249390
1514;16899025
1515;21617918
1516;17884231
1517;13378670
1518;13320966
1519;35649750
1520;14405261
1521;7259996
1522;21923141
1523;19985245
1524;22531382
1525;16710375
1526;11590742
1527;14120457
1528;19204433
1529;24063120
1530;16180125
1531;25065188
1532;13925355
1533;17008150
1534;13935210
1535;26535141
1536;9800800
1537;30208850
1538;13274641
1539;8846416
1540;8341613
1541;31740391
1542;11464257
1543;19778634
1544;22809376
1545;17647268
1546;12458997
1547;16297042
1548;4771733
1549;20786935
1550;15195316
1551;7560387
1552;20683287
1553;20941282
1554;5022756
1555;10944876
1556;28375778
1557;15799272
1558;19002279
1559;10408885
1560;8466833
1561;16450576
1562;18141454
1563;11148340
1564;17192921
1565;17845221
1566;4018847
1567;12106825
1568;16913230
1569;20241308
1570;20931250
1571;12875763
1572;29493910
1573;15131239
1574;17492756
1575;13601534
1576;9423713
1577;20173304
1578;13969790
1579;30381069
1580;20320223
1581;20140469
1582;6343464
1583;23667596
1584;24289428
1585;32146515
1586;14353515
1587;20967255
1588;11689987
1589;11469343
1590;10250904
1591;9056233
1592;19004887
1593;11530073
1594;29632595
1595;12269304
1596;6168630
1597;18515126
1598;6534544
1599;15813656
1600;27121719
1601;17259600
1602;29095253
1603;13559240
1604;22902018
1605;17399743
1606;19074020
1607;16440396
1608;27929133
1609;30979850
1610;20056060
1611;15217426
1612;16013077
1613;18755847
1614;14874830
1615;7963807
1616;11734263
1617;16292628
1618;35305633
1619;12822813
1620;14486614
1621;12739440
1622;21747556
1623;16823262
1624;15867675
1625;28658471
1626;16648481
1627;20199356
1628;23166855
1629;15750547
1630;30074816
1631;35513882
1632;13235005
1633;18229600
1634;7695350
1635;8810853
1636;10249782
1637;14560608
1638;12498530
1639;13267003
1640;14694266
1641;5555196
1642;18878433
1643;18351439
1644;21221500
1645;7758043
1646;21853404
1647;14376208
1648;17524615
1649;8577436
1650;7243452
1651;8928800
1652;26303109
1653;15054526
1654;13250735
1655;11299325
1656;38304260
1657;12728586
1658;26620810
1659;18534329
1660;29709869
1661;14673105
1662;40658772
1663;11822294
1664;10885585
1665;26127032
1666;22448792
1667;26762882
1668;11277500
1669;36665488
1670;26875665
1671;18481100
1672;28763071
1673;13377600
1674;10333073
1675;27286523
1676;12290220
1677;25910326
1678;13673816
1679;17886808
1680;32030241
1681;54526247
1682;35842813
1683;22010252
1684;12880078
1685;14023780
1686;16872189
1687;21003690
1688;7622560
1689;13821588
1690;36368630
1691;7558565
1692;24491373
1693;45682635
1694;23694250
1695;19661552
1696;33445590
1697;12772274
1698;20548726
1699;14365351
1700;11930723
1701;20390016
1702;30534721
1703;15504080
1704;12481520
1705;15238715
1706;17911100
1707;20958143
1708;26754640
1709;33087228
1710;19417696
1711;11410
1712;10755159
1713;29558926
1714;19292690
1715;15083104
1716;24761940
1717;20398780
1718;16476239
1719;14141245
1720;31286542
1721;34140181
1722;14942052
1723;14612478
1724;16150331
1725;16222400
1726;30324932
1727;16765967
1728;30047195
1729;17846087
1730;18568700
1731;13643524
1732;32086492
1733;15295447
1734;28471466
1735;20057518
1736;27194040
1737;27587957
1738;47694042
1739;21064095
1740;8920250
1741;21715716
1742;27894492
1743;15540895
1744;13831616
1745;27637700
1746;12532483
1747;11829203
1748;5355147
1749;18896126
1750;24689694
1751;18220204
1752;12709338
1753;4218996
1754;19860235
1755;7721437
1756;9148570
1757;21621776
1758;14347128
1759;27798747
1760;17848020
1761;19428873
1762;30979356
1763;11559779
1764;13245513
1765;28098276
1766;22620222
1767;9185622
1768;11888800
1769;12664925
1770;19281419
1771;22549716
1772;13153340
1773;25194885
1774;25754176
1775;16763820
1776;17712937
1777;11592892
1778;16161764
1779;14445256
1780;8466521
1781;23528700
1782;42527882
1783;14503537
1784;32136005
1785;37657686
1786;28896595
1787;16708761
1788;20507750
1789;43659450
1790;17266586
1791;16868661
1792;21300123
1793;12347452
1794;15949028
1795;31623760
1796;21794429
1797;23237600
1798;13620325
1799;13156731
1800;19561973
1801;28268884
1802;7014800
1803;22761734
1804;14596295
1805;15121413
1806;18749496
1807;60916091
1808;13394807
1809;29391350
1810;15857995
1811;11535413
1812;22318600
1813;18303030
1814;9890078
1815;21417281
1816;18205192
1817;51686676
1818;6431505
1819;21711175
1820;30029457
1821;13917641
1822;47063415
1823;22676957
1824;27646304
1825;3369684
1826;11766572
1827;23329912
1828;14783444
1829;9818926
1830;16835028
1831;18680029
1832;20610409
1833;29945635
1834;21222145
1835;12432194
1836;13842182
1837;23880326
1838;16854816
1839;16187620
1840;15438792
1841;19789173
1842;9548220
1843;13498684
1844;14641965
1845;13547617
1846;19043285
1847;15445460
1848;27577284
1849;7073595
1850;10889118
1851;13674875
1852;21343670
1853;7103472
1854;36507400
1855;13438676
1856;82340605
1857;16471430
1858;25066695
1859;12346504
1860;38924383
1861;25216450
1862;14933785
1863;17734146
1864;14727533
1865;33525000
1866;23102968
1867;29850176
1868;17541530
1869;10464100
1870;31802358
1871;22594079
1872;28291107
1873;35301426
1874;10079856
1875;15398695
1876;14778554
1877;16875700
1878;30620885
1879;23411763
1880;28058094
1881;7885175
1882;20017895
1883;17933430
1884;13756125
1885;27482740
1886;9150838
1887;16107213
1888;14344204
1889;30421519
1890;6592353
1891;44215323
1892;16333580
1893;46582773
1894;30062461
1895;27026016
1896;17299114
1897;10985715
1898;21638326
1899;6692811
1900;12301842
1901;23621025
1902;14921813
1903;12093178
1904;38783714
1905;21751022
1906;24734404
1907;19195852
1908;26465200
1909;20554473
1910;13689776
1911;27499912
1912;17356757
1913;50427084
1914;17421716
1915;10977073
1916;14188690
1917;26242176
1918;17548152
1919;21411115
1920;27342571
1921;14505275
1922;11583038
1923;27550584
1924;31281969
1925;15367863
1926;5499152
1927;13287813
1928;19912180
1929;10498919
1930;15485916
1931;7543272
1932;23955504
1933;41223892
1934;12878929
1935;16955566
1936;15745507
1937;20649753
1938;31692304
1939;28852970
1940;17628126
1941;34870595
1942;18486232
1943;3667764
1944;8076190
1945;25781500
1946;23507755
1947;38228719
1948;9798686
1949;54839163
1950;21786247
1951;25756608
1952;31597166
1953;12339450
1954;21401175
1955;22420617
1956;26327963
1957;20187231
1958;35160018
1959;22968033
1960;32786056
1961;26610966
1962;27212094
1963;17831957
1964;17171421
1965;24023872
1966;24820360
1967;16488620
1968;19703200
1969;56933179
1970;7656376
1971;6523566
1972;13199338
1973;41434942
1974;6799229
1975;8851118
1976;5761686
1977;10551319
1978;33882166
1979;17048640
1980;20080171
1981;19569060
1982;15782485
1983;12331583
1984;20051413
1985;23871640
1986;32066860
1987;25046950
1988;26164029
1989;24311348
1990;28089923
1991;22150737
1992;6754206
1993;33430288
1994;27650257
1995;21323244
1996;17652682
1997;24024893
1998;27568834
1999;16933247
2000;14306385
2001;16971959
2002;28613352
2003;10472413
2004;18449858
2005;14839221
2006;21063645
2007;18567976
2008;16006580
2009;20015441
2010;15147515
2011;25117804
2012;17508907
2013;20468360
2014;4810580
2015;29137215
2016;19464100
2017;34501072
2018;21810654
2019;27260421
2020;14610777
2021;16801682
2022;20194700
2023;28695903
2024;20566254
2025;37317187
2026;24623764
2027;21191938
2028;20037820
2029;7296300
2030;14446242
2031;32098500
2032;23524462
2033;19255825
2034;13239772
2035;18905022
2036;15598368
2037;15962450
2038;25495847
2039;18015730
2040;21233195
2041;10337935
2042;21582066
2043;35546400
2044;66718975
2045;31625330
2046;10343633
2047;16265116
2048;24244259
2049;15790928
2050;37967200
2051;18544933
2052;17478453
2053;14784544
2054;21726245
2055;21890509
2056;45476820
2057;28482752
2058;17247672
2059;34513564
2060;19047517
2061;19904843
2062;20114173
2063;41901575
2064;5288565
2065;19311195
2066;28526454
2067;59745873
2068;11135675
2069;23639882
2070;20658800
2071;25769255
2072;13527805
2073;25144146
2074;37308642
2075;22497687
2076;29811895
2077;32805394
2078;27113655
2079;24723857
2080;25934890
2081;31225766
2082;12465850
2083;17087191
2084;41979160
2085;15439221
2086;27114991
2087;32398488
2088;13976114
2089;10816741
2090;22123322
2091;12790800
2092;10741066
2093;28950742
2094;30891772
2095;12005465
2096;31668035
2097;22031366
2098;22148840
2099;17586358
2100;76005675
2101;19798268
2102;38684516
2103;18349477
2104;32103239
2105;36272904
2106;22306273
2107;20796065
2108;22706163
2109;18281329
2110;12588041
2111;15432684
2112;13088288
2113;18753585
2114;37586800
2115;9957714
2116;28970759
2117;14669829
2118;28414852
2119;24842413
2120;33971339
2121;32587413
2122;16866151
2123;7084595
2124;9503626
2125;34513520
2126;18312711
2127;24538516
2128;12868400
2129;30040060
2130;29004400
2131;22622740
2132;18282321
2133;32242081
2134;23255904
2135;30390895
2136;21899938
2137;24153004
2138;35250768
2139;29521713
2140;19274900
2141;37420094
2142;20367573
2143;4109866
2144;20111830
2145;12525751
2146;19043683
2147;8120733
2148;5512368
2149;11346580
2150;24922825
2151;24589470
2152;33039433
2153;12175370
2154;17496372
2155;17391457
2156;19772275
2157;18933391
2158;37875172
2159;30991827
2160;32523318
2161;22945266
2162;16820963
2163;11907733
2164;29968744
2165;17546024
2166;17376268
2167;33252705
2168;18196900
2169;15529900
2170;22285020
2171;21565723
2172;33664886
2173;27916017
2174;20511782
2175;33598260
2176;28697835
2177;5771088
2178;23019390
2179;14391387
2180;77503585
2181;20585557
2182;25232628
2183;25566371
2184;29912776
2185;24526250
2186;14176816
2187;16175021
2188;22249717
2189;13697790
2190;23805693
2191;49890420
2192;23753272
2193;21833969
2194;22076428
2195;24215300
2196;11730975
2197;10562408
2198;22462700
2199;15504842
2200;15633831
2201;19655921
2202;15878226
2203;28870147
2204;49912272
2205;20604595
2206;16279896
2207;13646385
2208;21926920
2209;19220742
2210;12434165
2211;24249582
2212;43998440
2213;24930300
2214;24149825
2215;20475854
2216;27068106
2217;14388390
2218;38008000
2219;27555709
2220;15484765
2221;10872309
2222;10241535
2223;26814091
2224;19626668
2225;36264558
2226;18320546
2227;27720681
2228;27818321
2229;22193838
2230;29024373
2231;17891320
2232;18305952
2233;13400800
2234;23082767
2235;42596704
2236;23693711
2237;53712773
2238;28963350
2239;20005678
2240;18975114
2241;26952718
2242;21209016
2243;30533472
2244;73549470
2245;23147596
2246;19254552
2247;12317378
2248;10474252
2249;17591806
2250;24414288
2251;19423004
2252;22521337
2253;37807189
2254;20041924
2255;23045788
2256;26894095
2257;19635700
2258;10877963
2259;17885192
2260;20503416
2261;27387888
2262;14079610
2263;19120821
2264;9588552
2265;34813319
2266;21195400
2267;14235868
2268;27261988
2269;14885340
2270;34414080
2271;26869125
2272;50413583
2273;23268710
2274;31072414
2275;15405951
2276;14491125
2277;24736300
2278;40634168
2279;32305588
2280;23337858
2281;17805668
2282;24037615
2283;17115870
2284;27965020
2285;32426507
2286;17398729
2287;29752681
2288;21481000
2289;18975366
2290;17164552
2291;15545958
2292;45437284
2293;43411482
2294;18434080
2295;47181953
2296;26614946
2297;35589619
2298;19653795
2299;12469700
2300;31412992
2301;24846463
2302;19186392
2303;20471973
2304;31199295
2305;33722908
2306;72217443
2307;35945226
2308;35657551
2309;21422294
2310;24701005
2311;35270345
2312;19006775
2313;21774804
2314;24590721
2315;37420829
2316;12332771
2317;25446661
2318;13935644
2319;20707255
2320;23930773
2321;13834104
2322;42291743
2323;19259625
2324;24024784
2325;37256960
2326;29821255
2327;15579123
2328;22759562
2329;40166954
2330;18467086
2331;20519380
2332;34060616
2333;49656766
2334;44509517
2335;17762056
2336;59380490
2337;35706250
2338;27817126
2339;12115028
2340;16725040
2341;28818040
2342;19122860
2343;18894931
2344;25651396
2345;25866535
2346;34631155
2347;44986859
2348;20347454
2349;24231082
2350;18916373
2351;23932481
2352;10515280
2353;16901885
2354;29536460
2355;23828718
2356;38956850
2357;27176731
2358;23111620
2359;28171329
2360;56648394
2361;25900339
2362;65148572
2363;24030037
2364;23282791
2365;29156200
2366;25877490
2367;18524117
2368;25498291
2369;35107812
2370;20541270
2371;18669613
2372;29304013
2373;30126673
2374;21537650
2375;19541490
2376;34540210
2377;24904690
2378;28681680
2379;16807770
2380;28223744
2381;34569510
2382;25049858
2383;23396495
2384;21776093
2385;41933412
2386;25972290
2387;55321170
2388;12477673
2389;25959454
2390;37247026
2391;14610504
2392;21962887
2393;71684462
2394;13860096
2395;29593361
2396;31909754
2397;24565114
2398;25370309
2399;60730200
2400;14304423
2401;19734043
2402;34963936
2403;18147369
2404;29593000
2405;32128143
2406;39218560
2407;25211662
2408;23584435
2409;25372981
2410;24559130
2411;34341865
2412;15654509
2413;12698382
2414;19034188
2415;21997452
2416;21750007
2417;17294983
2418;24429742
2419;20910062
2420;16696058
2421;21739747
2422;16490870
2423;33791364
2424;25862791
2425;14511024
2426;17886142
2427;25351195
2428;17666450
2429;24791583
2430;18693841
2431;18967229
2432;29711085
2433;18161122
2434;59703388
2435;33893052
2436;26059542
2437;43117890
2438;15126920
2439;17838400
2440;20681024
2441;30417523
2442;21031156
2443;11465371
2444;21532768
2445;12617929
2446;20255813
2447;37481805
2448;9400428
2449;22706493
2450;24268159
2451;35310825
2452;16816664
2453;22810016
2454;33966175
2455;29385538
2456;22286564
2457;56943900
2458;31693511
2459;21489856
2460;16419457
2461;20598883
2462;22512396
2463;19213386
2464;26198500
2465;57376706
2466;17217005
2467;18661305
2468;22699700
2469;43303010
2470;43827670
2471;21108545
2472;59703757
2473;10063377
2474;31826889
2475;43610034
2476;28884183
2477;23913961
2478;46948331
2479;27108520
2480;20396472
2481;29004040
2482;26491645
2483;20997824
2484;18601977
2485;52091527
2486;26672287
2487;75594330
2488;23088237
2489;46055285
2490;51538630
2491;52873420
2492;18575553
2493;70087220
2494;12978721
2495;53442088
2496;13385422
2497;13677260
2498;24276092
2499;31184189
2500;43456922
2501;30914445
2502;15803546
2503;25348795
2504;33340338
2505;19430334
2506;48971178
2507;20808186
2508;35282375
2509;18041560
2510;26731564
2511;35076995
2512;88736646
2513;32114094
2514;17842678
2515;19780781
2516;25083138
2517;17783000
2518;16497642
2519;23804245
2520;33121963
2521;27064957
2522;27784330
2523;52812133
2524;26018738
2525;24045260
2526;40081495
2527;22514295
2528;32898789
2529;25079705
2530;20053710
2531;31394287
2532;29518141
2533;25521884
2534;13249533
2535;24129417
2536;15397255
2537;26560122
2538;36173805
2539;26229985
2540;32521596
2541;23796609
2542;42430430
2543;32957682
2544;29106713
2545;29072096
2546;27570272
2547;51276029
2548;21582228
2549;19264887
2550;15561485
2551;8883753
2552;15769821
2553;32667818
2554;29541107
2555;16152109
2556;15727642
2557;21936717
2558;23130894
2559;45777242
2560;42300393
2561;28153865
2562;29970470
2563;42068186
2564;18611842
2565;25132307
2566;25305390
2567;4322050
2568;23172540
2569;45142218
2570;30527309
2571;14840045
2572;16219904
2573;24114329
2574;26483872
2575;23591214
2576;19667533
2577;43899552
2578;46827512
2579;34164710
2580;10339052
2581;16073614
2582;20473160
2583;26645786
2584;47235250
2585;23761845
2586;27721809
2587;14088226
2588;29004150
2589;23785241
2590;39160070
2591;27251382
2592;27694064
2593;22510984
2594;55362891
2595;32168095
2596;27204426
2597;42041050
2598;21685947
2599;15265221
2600;29997680
2601;12741547
2602;34874815
2603;16249178
2604;27659330
2605;13917342
2606;26039354
2607;21356125
2608;18469606
2609;27192015
2610;49248181
2611;111905220
2612;12812305
2613;27910420
2614;37325727
2615;28613970
2616;20981983
2617;17395214
2618;33575948
2619;17250565
2620;45123396
2621;34426377
2622;32550053
2623;16661840
2624;33694009
2625;21076844
2626;24789548
2627;19440591
2628;31549768
2629;21626680
2630;52205952
2631;64598963
2632;22400083
2633;88961253
2634;38288338
2635;30211520
2636;56198045
2637;45145622
2638;36650242
2639;32820743
2640;56316170
2641;12727811
2642;23987735
2643;14198078
2644;50600431
2645;26243254
2646;46610777
2647;46762790
2648;32789971
2649;27890825
2650;20582585
2651;25501694
2652;17749871
2653;39309443
2654;16025146
2655;36987341
2656;23656050
2657;30809883
2658;36332676
2659;55051926
2660;19837126
2661;33716757
2662;31502265
2663;21663923
2664;9520894
2665;19794085
2666;29381518
2667;14050372
2668;27993903
2669;72279723
2670;57833845
2671;38528373
2672;25249261
2673;22969775
2674;51352615
2675;54924757
2676;37211203
2677;33482458
2678;76311213
2679;14897857
2680;17053451
2681;40557006
2682;19767470
2683;25666290
2684;27396552
2685;22593888
2686;30958614
2687;18882742
2688;64928247
2689;10327740
2690;26196500
2691;21748840
2692;12344950
2693;88515756
2694;19951850
2695;35845700
2696;30048047
2697;44718916
2698;21138625
2699;17361469
2700;39405259
2701;18963528
2702;42425608
2703;21142952
2704;83505842
2705;36666300
2706;74816138
2707;28757238
2708;31055252
2709;23045417
2710;12946767
2711;13142600
2712;35054108
2713;17856981
2714;28807514
2715;36416522
2716;18461572
2717;46046870
2718;20962600
2719;22527707
2720;15705239
2721;29394531
2722;25398834
2723;16707382
2724;31116186
2725;7549950
2726;25921733
2727;26192235
2728;30653552
2729;17554685
2730;25996905
2731;32279069
2732;28233381
2733;15864573
2734;18831980
2735;30725023
2736;46120108
2737;47385375
2738;35536583
2739;37307500
2740;38556050
2741;39196189
2742;51364710
2743;26213785
2744;32164152
2745;17625884
2746;87477008
2747;21009445
2748;30712644
2749;33571489
2750;37041368
2751;19331682
2752;42840582
2753;32593655
2754;52518811
2755;19758544
2756;16891786
2757;31510338
2758;14109161
2759;11261161
2760;27762340
2761;14380362
2762;18040472
2763;27963932
2764;29242552
2765;20426796
2766;16737126
2767;34342290
2768;38912511
2769;28079588
2770;18134409
2771;14735490
2772;44787042
2773;92448652
2774;61276210
2775;67664632
2776;38084047
2777;35846331
2778;131318972
2779;26953521
2780;13217363
2781;30589226
2782;39041314
2783;35907417
2784;20900881
2785;23353940
2786;27877558
2787;14243647
2788;47583776
2789;31947163
2790;42770647
2791;167622842
2792;48065546
2793;24597389
2794;28499868
2795;10484529
2796;70695918
2797;37521141
2798;37480430
2799;28737845
2800;27734994
2801;27019727
2802;39512725
2803;37639371
2804;36130737
2805;30304100
2806;24307221
2807;16801457
2808;31192864
2809;34133570
2810;44222742
2811;66525381
2812;61161795
2813;18366721
2814;142409210
2815;24994076
2816;39369953
2817;28111630
2818;49669111
2819;16846985
2820;35236004
2821;21338131
2822;50681088
2823;32873636
2824;24722855
2825;50257210
2826;28530509
2827;24005915
2828;86447611
2829;23672943
2830;25052071
2831;17471029
2832;16109523
2833;26910894
2834;45112568
2835;13452095
2836;38907742
2837;10107987
2838;38202036
2839;21959005
2840;26318133
2841;29262791
2842;25633244
2843;27272731
2844;26324105
2845;26480400
2846;27283003
2847;67589778
2848;23817719
2849;31152414
2850;19840419
2851;27979740
2852;27896741
2853;55992276
2854;63815392
2855;21638235
2856;27637082
2857;32998052
2858;35132525
2859;120707920
2860;21945971
2861;26271048
2862;23045263
2863;29670682
2864;17191576
2865;18364582
2866;19446920
2867;22737029
2868;24721924
2869;23617688
2870;28158733
2871;25536874
2872;29227012
2873;57653425
2874;28504700
2875;29192843
2876;33187475
2877;51304805
2878;23730951
2879;132611358
2880;26537517
2881;27313819
2882;40173934
2883;21014125
2884;12090895
2885;62635609
2886;27638496
2887;23514882
2888;32834942
2889;26266530
2890;22923984
2891;36546957
2892;18365042
2893;30215422
2894;9262133
2895;45164820
2896;48740439
2897;67796017
2898;36547695
2899;61584875
2900;80933812
2901;27982800
2902;128249784
2903;22233836
2904;49200340
2905;25686333
2906;31449090
2907;21386129
2908;34800719
2909;111233095
2910;88139391
2911;29219195
2912;29870800
2913;22581521
2914;65931278
2915;21463975
2916;14852500
2917;45615282
2918;33186400
2919;31885533
2920;73649684
2921;24917436
2922;32613466
2923;57365336
2924;29934350
2925;79106853
2926;39483937
2927;20760868
2928;28884645
2929;30575718
2930;17992125
2931;31923321
2932;27970029
2933;21774352
2934;78202660
2935;26673903
2936;18686194
2937;52672536
2938;42902693
2939;62845563
2940;22860518
2941;27985434
2942;52510839
2943;33609023
2944;16111064
2945;22953630
2946;28226610
2947;38278706
2948;59704541
2949;12857729
2950;48772489
2951;18447594
2952;27582795
2953;43692700
2954;34468961
2955;43486287
2956;23539477
2957;11410020
2958;31507437
2959;33933310
2960;22777888
2961;21778807
2962;33438436
2963;32047995
2964;45389782
2965;24741818
2966;27920009
2967;16178228
2968;18674673
2969;24165321
2970;38157065
2971;32771665
2972;40285083
2973;32687356
2974;27436520
2975;30595260
2976;56099378
2977;29771421
2978;18395604
2979;64149756
2980;38611500
2981;18188867
2982;45364503
2983;20536709
2984;30865216
2985;42164544
2986;46674978
2987;32920520
2988;26057372
2989;34243461
2990;46410141
2991;26820132
2992;27438300
2993;40740268
2994;35747076
2995;43968750
2996;50144789
2997;21111917
2998;28566235
2999;27668417
3000;54567627
3001;79265644
3002;25515847
3003;31001085
3004;37854931
3005;37808168
3006;39333813
3007;34352215
3008;24137923
3009;48975523
3010;27115521
3011;51397894
3012;74904255
3013;25579762
3014;49633200
3015;19429644
3016;34858730
3017;23302682
3018;22284412
3019;29188878
3020;16729988
3021;37270068
3022;24949166
3023;29155951
3024;26033176
3025;20111368
3026;38498875
3027;25489071
3028;25655284
3029;34049737
3030;23222822
3031;46609277
3032;26090177
3033;33224782
3034;68123437
3035;32634642
3036;29497129
3037;38164500
3038;17293940
3039;41915814
3040;33391717
3041;43712609
3042;32079275
3043;54929663
3044;20490047
3045;38570075
3046;22000257
3047;43877400
3048;18800606
3049;50544620
3050;21556510
3051;27650070
3052;64213511
3053;25222696
3054;28583486
3055;21646709
3056;31020809
3057;21652722
3058;49027690
3059;26154161
3060;23052000
3061;55972604
3062;25991225
3063;75184347
3064;36626541
3065;27907595
3066;16560164
3067;27794135
3068;32663641
3069;37379287
3070;76613616
3071;23083866
3072;40256738
3073;28325083
3074;45663957
3075;29620077
3076;35782005
3077;38166111
3078;20206383
3079;35135755
3080;122448033
3081;53321089
3082;25856190
3083;29997684
3084;39636803
3085;30170447
3086;20057674
3087;18211057
3088;38515390
3089;41435329
3090;85389495
3091;18666154
3092;52138656
3093;71228065
3094;26664700
3095;69320622
3096;24469366
3097;19578713
3098;25751931
3099;35658475
3100;36520550
3101;70108721
3102;51349106
3103;32158604
3104;87763050
3105;45255615
3106;25339425
3107;56199840
3108;37078916
3109;101383953
3110;32339733
3111;27511487
3112;28347176
3113;15384114
3114;81419303
3115;34182625
3116;25209137
3117;31491364
3118;38371886
3119;43984656
3120;60191037
3121;29842908
3122;28108766
3123;59338509
3124;38412078
3125;31216690
3126;34889484
3127;38371746
3128;69167695
3129;24189021
3130;85504527
3131;20716682
3132;182420752
3133;31174175
3134;28309417
3135;35950286
3136;41312216
3137;82738264
3138;21651387
3139;26977400
3140;25873400
3141;23277528
3142;55729813
3143;27144859
3144;25932904
3145;80425987
3146;33660504
3147;37801521
3148;61411557
3149;37717100
3150;25021751
3151;36401938
3152;80456503
3153;28770605
3154;39957446
3155;79395316
3156;53479200
3157;81345000
3158;21297463
3159;27336577
3160;49628482
3161;25297333
3162;37535311
3163;23979628
3164;41473624
3165;27142295
3166;31656026
3167;36936856
3168;20990989
3169;44996933
3170;34842920
3171;22163026
3172;27128826
3173;33489510
3174;32952608
3175;63375378
3176;37276223
3177;57978406
3178;27846100
3179;15668137
3180;19631210
3181;47056525
3182;124056294
3183;37571842
3184;32519950
3185;26156231
3186;23434157
3187;19251121
3188;74065050
3189;18305684
3190;26710511
3191;42900700
3192;32780780
3193;37415471
3194;25891531
3195;39276036
3196;53655209
3197;65934522
3198;31350075
3199;24027969
3200;21999795
3201;35488375
3202;20864585
3203;39336437
3204;30735516
3205;29927668
3206;21438128
3207;42712670
3208;23589990
3209;26118690
3210;41556093
3211;28052448
3212;38954900
3213;106693514
3214;25618077
3215;29232413
3216;18188050
3217;28616054
3218;108684030
3219;33606700
3220;31705077
3221;25194289
3222;25736373
3223;23551413
3224;38501947
3225;24737643
3226;33532341
3227;164684539
3228;107208460
3229;33560352
3230;50430748
3231;59907853
3232;22957547
3233;81340985
3234;28665725
3235;33072900
3236;24478450
3237;30089109
3238;27477859
3239;70302659
3240;15143105
3241;45228538
3242;30979147
3243;16667415
3244;34295034
3245;42749882
3246;34472034
3247;31538108
3248;53549766
3249;24844592
3250;18243030
3251;34045831
3252;32669372
3253;73056484
3254;39281014
3255;27403750
3256;42946561
3257;27306162
3258;44389440
3259;152019577
3260;24933704
3261;123108050
3262;28329455
3263;41970314
3264;32625900
3265;32745055
3266;24207839
3267;39025373
3268;37872693
3269;80124478
3270;31474866
3271;17046238
3272;29316229
3273;24394695
3274;33659873
3275;45277690
3276;50456492
3277;40962768
3278;62726067
3279;23076323
3280;63062948
3281;32093872
3282;68795404
3283;25727231
3284;41237844
3285;54103395
3286;34466305
3287;31651809
3288;73192033
3289;82209614
3290;49688775
3291;22855303
3292;21791225
3293;29677300
3294;42016525
3295;19464553
3296;31968348
3297;32934810
3298;32287700
3299;18866331
3300;46820372
3301;34921648
3302;36414220
3303;42814150
3304;35721223
3305;66885237
3306;20444994
3307;24984459
3308;67028682
3309;25791690
3310;88095216
3311;18318933
3312;40085079
3313;74667060
3314;40162366
3315;42866578
3316;50543004
3317;103885280
3318;33339914
3319;27816885
3320;47902300
3321;37972863
3322;20349080
3323;18730875
3324;26003541
3325;40705563
3326;28901742
3327;11171913
3328;41729120
3329;50451664
3330;65468909
3331;83330076
3332;32504160
3333;56004176
3334;29427434
3335;29509956
3336;29737747
3337;44397100
3338;45232350
3339;32717619
3340;77965160
3341;45893585
3342;53546300
3343;18871679
3344;30768229
3345;100732745
3346;23912417
3347;42991728
3348;34477508
3349;76643192
3350;20133970
3351;45940675
3352;27021350
3353;26145968
3354;60106236
3355;31165805
3356;128338905
3357;29517630
3358;19696323
3359;25171726
3360;67953427
3361;23541800
3362;32392965
3363;22653396
3364;25265260
3365;56222104
3366;31389905
3367;51881100
3368;39875415
3369;22445754
3370;19942711
3371;71394167
3372;29076190
3373;30773741
3374;23664622
3375;44539092
3376;25579766
3377;113140991
3378;88415076
3379;31351427
3380;131871780
3381;41420072
3382;60351206
3383;25341111
3384;34773153
3385;26742485
3386;78664950
3387;19742994
3388;27441160
3389;39379720
3390;9589426
3391;24120417
3392;25761116
3393;32387642
3394;15364823
3395;39478937
3396;88210973
3397;35183518
3398;48577283
3399;17591820
3400;82256354
3401;36569200
3402;138751856
3403;22265947
3404;188867516
3405;36448885
3406;99214656
3407;43458575
3408;27001131
3409;42761358
3410;24482276
3411;18223395
3412;31253311
3413;50826730
3414;84816350
3415;24071400
3416;38310730
3417;29088331
3418;26022885
3419;28412766
3420;90625457
3421;63836994
3422;44069465
3423;44869588
3424;26291833
3425;67901157
3426;78621650
3427;36062108
3428;32994461
3429;30928360
3430;57853572
3431;98170458
3432;83129880
3433;22684431
3434;37017752
3435;32765273
3436;43319817
3437;195741234
3438;45575423
3439;27066778
3440;51722688
3441;40738792
3442;46948232
3443;50810803
3444;17933531
3445;25282027
3446;39205305
3447;29742146
3448;16812865
3449;69742192
3450;124876594
3451;57167780
3452;74555133
3453;44259176
3454;25436681
3455;37418975
3456;29078057
3457;31579587
3458;23764334
3459;95487742
3460;38856775
3461;58395550
3462;39911335
3463;19799100
3464;73528944
3465;42031874
3466;22566136
3467;35764775
3468;39586122
3469;33660311
3470;36311870
3471;54131400
3472;39838253
3473;35490013
3474;104919150
3475;73773600
3476;36462670
3477;84913236
3478;61366619
3479;27702862
3480;33833100
3481;38817884
3482;55539552
3483;27890745
3484;118213685
3485;67048484
3486;18284163
3487;29830716
3488;42214520
3489;50307966
3490;30728090
3491;66413830
3492;25826496
3493;58576080
3494;32217623
3495;38232089
3496;36368730
3497;43963428
3498;81437944
3499;29154105
3500;42625431
3501;35236656
3502;44958669
3503;39100075
3504;24898459
3505;52332465
3506;53760569
3507;130053431
3508;18401783
3509;41347464
3510;20877905
3511;23203242
3512;78181070
3513;26846239
3514;27009704
3515;24761872
3516;50372985
3517;59984223
3518;31858042
3519;43209125
3520;43310804
3521;29046600
3522;23626792
3523;22919588
3524;40040733
3525;30314744
3526;33289558
3527;20931300
3528;26768739
3529;138318989
3530;32030932
3531;58315800
3532;33402845
3533;48735730
3534;30294466
3535;54374744
3536;25326920
3537;33897519
3538;34577980
3539;39608009
3540;34449616
3541;101407804
3542;26086496
3543;44326673
3544;42266131
3545;27908576
3546;37413935
3547;28571628
3548;61976070
3549;32538415
3550;61158865
3551;34834757
3552;118608691
3553;30303025
3554;55314810
3555;41594763
3556;55282173
3557;43589766
3558;35909934
3559;18386104
3560;71748115
3561;59849175
3562;46763561
3563;30941016
3564;71056326
3565;31136666
3566;29756136
3567;54686393
3568;26123976
3569;34663055
3570;31165877
3571;29804240
3572;29923357
3573;48942153
3574;35692340
3575;34848867
3576;38036059
3577;25910454
3578;71055573
3579;35654850
3580;33578831
3581;48647445
3582;48822205
3583;28678994
3584;38496556
3585;84774784
3586;38697579
3587;41594409
3588;30075950
3589;41958976
3590;24759190
3591;40674800
3592;119461254
3593;41546468
3594;73313563
3595;77274566
3596;68213976
3597;105879726
3598;48075157
3599;25221547
3600;93945500
3601;25569584
3602;33666525
3603;30672728
3604;50626404
3605;37902315
3606;102172138
3607;29644725
3608;17193238
3609;27052300
3610;50469016
3611;36334558
3612;32293130
3613;45109061
3614;61063320
3615;39358777
3616;98417857
3617;33691225
3618;28800728
3619;22922225
3620;74811065
3621;71252188
3622;13674587
3623;56910557
3624;31824826
3625;54030155
3626;43386880
3627;29846265
3628;36439370
3629;31448318
3630;32082956
3631;31923271
3632;43156184
3633;41323168
3634;21918700
3635;79923241
3636;30560609
3637;37347316
3638;60289488
3639;57652952
3640;132388445
3641;33230292
3642;87316781
3643;19995605
3644;30380254
3645;34884809
3646;35718131
3647;17119650
3648;23686218
3649;32325446
3650;99419007
3651;34774879
3652;47941125
3653;31179206
3654;51393200
3655;37323777
3656;33411633
3657;92839340
3658;44906383
3659;50778400
3660;107884014
3661;24349159
3662;20396195
3663;41685220
3664;40808778
3665;37854875
3666;58936052
3667;53741095
3668;31910807
3669;31623975
3670;37457306
3671;31352213
3672;29771615
3673;165684576
3674;42054696
3675;37234775
3676;28678347
3677;62313495
3678;31473700
3679;38974356
3680;137055866
3681;69984731
3682;112972936
3683;61342850
3684;29249225
3685;31062900
3686;46081882
3687;42513362
3688;17530266
3689;24153169
3690;32680486
3691;39855243
3692;158332348
3693;84715070
3694;26177207
3695;121048885
3696;36142712
3697;83229491
3698;27394905
3699;41755205
3700;27069615
3701;20882505
3702;34638756
3703;28237925
3704;27692986
3705;35587975
3706;43644280
3707;28193457
3708;29743421
3709;34904892
3710;31534413
3711;40986565
3712;28287000
3713;29552786
3714;36595982
3715;31543193
3716;76313836
3717;23922030
3718;36192158
3719;35395592
3720;37401553
3721;117464071
3722;115320904
3723;31141809
3724;31871975
3725;31420207
3726;38525528
3727;86717171
3728;40028162
3729;36776841
3730;50840387
3731;164873244
3732;99288420
3733;31955333
3734;27285768
3735;30883481
3736;75213235
3737;40657000
3738;25447738
3739;38127871
3740;47455970
3741;39440262
3742;91653336
3743;31091494
3744;40185570
3745;50069405
3746;35882023
3747;75556250
3748;39495979
3749;35875723
3750;46606629
3751;25505100
3752;140801286
3753;75737812
3754;52351252
3755;59869518
3756;131934268
3757;72048733
3758;30221980
3759;131736917
3760;69001888
3761;70938855
3762;35108964
3763;29814509
3764;43179945
3765;25006322
3766;30802785
3767;34381582
3768;34938871
3769;52280466
3770;36954726
3771;31981875
3772;40264268
3773;34225072
3774;36665126
3775;41073116
3776;121006119
3777;37832191
3778;26005590
3779;97048385
3780;58374900
3781;38175713
3782;17447226
3783;34583830
3784;31589524
3785;36541095
3786;33565363
3787;29104910
3788;25177594
3789;51613316
3790;101350558
3791;31607884
3792;26416272
3793;43550273
3794;39576326
3795;43615340
3796;44716100
3797;44604785
3798;53908340
3799;57040300
3800;30184380
3801;27938978
3802;35392200
3803;23120258
3804;24411270
3805;33354488
3806;52129676
3807;43089926
3808;26498027
3809;91112555
3810;83116007
3811;43111314
3812;16561153
3813;37688646
3814;31174480
3815;135180080
3816;148216141
3817;129240182
3818;46948986
3819;121176010
3820;35722325
3821;29065013
3822;28063985
3823;42391311
3824;27598625
3825;40595400
3826;43485455
3827;20881263
3828;34123676
3829;36088246
3830;33728934
3831;48184972
3832;71570826
3833;167166952
3834;80352439
3835;38474669
3836;34553791
3837;28571622
3838;43122640
3839;35888730
3840;39913470
3841;48775845
3842;38462517
3843;107773466
3844;48896903
3845;103728987
3846;29284000
3847;31193672
3848;31526800
3849;30604094
3850;35368485
3851;56054016
3852;30319436
3853;35941533
3854;65133303
3855;59890816
3856;32509695
3857;23791700
3858;33492250
3859;44774560
3860;31033950
3861;97976044
3862;44905731
3863;25956277
3864;43966228
3865;29048681
3866;33275609
3867;59747354
3868;32045631
3869;49069956
3870;35433918
3871;34133430
3872;35181171
3873;38658005
3874;34908270
3875;46920404
3876;37308226
3877;30413900
3878;46669639
3879;35622854
3880;47188837
3881;32095728
3882;31845843
3883;44525826
3884;74855436
3885;54269119
3886;41342093
3887;177375783
3888;29235848
3889;36708447
3890;41635552
3891;40915578
3892;33508250
3893;145058395
3894;62624435
3895;45251266
3896;143692609
3897;28293236
3898;25393313
3899;57816607
3900;76955815
3901;28495950
3902;59683430
3903;20344793
3904;133066889
3905;136262696
3906;41874988
3907;119294036
3908;31905661
3909;68160556
3910;26918258
3911;117695723
3912;79451485
3913;27980150
3914;41795968
3915;33134522
3916;28912334
3917;25621462
3918;90674004
3919;56285033
3920;21969492
3921;86712080
3922;32124708
3923;41906400
3924;135409414
3925;93496185
3926;48532586
3927;31139156
3928;37989241
3929;49625777
3930;76937323
3931;33296040
3932;33225583
3933;58850505
3934;60187664
3935;37376776
3936;49174086
3937;26169366
3938;26972226
3939;136576139
3940;172841280
3941;33707566
3942;29582533
3943;44468152
3944;47266505
3945;152042085
3946;42749218
3947;61447096
3948;204497931
3949;66526848
3950;80851043
3951;33418182
3952;52829689
3953;112044508
3954;90014356
3955;37919863
3956;44776246
3957;34270996
3958;42965156
3959;31828426
3960;47005320
3961;33907147
3962;44575212
3963;131914837
3964;43975208
3965;46378838
3966;47696986
3967;116783715
3968;43440037
3969;39417387
3970;31315762
3971;92949638
3972;137034540
3973;29252654
3974;137115935
3975;135539700
3976;61847534
3977;70418004
3978;36167250
3979;84510988
3980;27611230
3981;28161926
3982;34008900
3983;30968646
3984;75818315
3985;23694530
3986;61429186
3987;123072486
3988;41266555
3989;34900448
3990;76341723
3991;51287683
3992;49348840
3993;132426143
3994;48368455
3995;29003225
3996;108504725
3997;56011556
3998;29845758
3999;18778175
4000;35609993
4001;88827966
4002;28655830
4003;29314551
4004;29948127
4005;56758482
4006;29717089
4007;49393513
4008;35011121
4009;34657839
4010;216714663
4011;53532684
4012;42254731
4013;47462029
4014;31779021
4015;104086310
4016;40722766
4017;33627115
4018;36681485
4019;28807939
4020;25438373
4021;93562721
4022;44144685
4023;34804965
4024;41030923
4025;177362043
4026;97090240
4027;31693986
4028;85429026
4029;46734538
4030;32420256
4031;34933594
4032;30480050
4033;37958673
4034;41323400
4035;41875676
4036;44406840
4037;36483661
4038;39339685
4039;32769035
4040;136429377
4041;37865866
4042;155862580
4043;76722694
4044;31455100
4045;32160233
4046;150928644
4047;26120147
4048;260751539
4049;40180619
4050;33788456
4051;98954188
4052;39286191
4053;185663830
4054;25782490
4055;31496914
4056;27223396
4057;37493733
4058;62294419
4059;41262258
4060;37719803
4061;81840382
4062;43808666
4063;64433952
4064;39282808
4065;31735628
4066;47444194
4067;90302789
4068;22219638
4069;111434609
4070;98755612
4071;27110915
4072;40908270
4073;28079779
4074;92499814
4075;72341792
4076;169343630
4077;52174768
4078;19603271
4079;36665705
4080;154877827
4081;31106623
4082;40673290
4083;221705403
4084;37897266
4085;31495393
4086;198278395
4087;57786293
4088;32384429
4089;24983572
4090;38661111
4091;40432774
4092;79184679
4093;40919608
4094;37411093
4095;41425204
4096;29624162
4097;42216968
4098;31941975
4099;23361040
4100;70334985
4101;36845180
4102;29889709
4103;36423765
4104;26627890
4105;28293878
4106;34854209
4107;38809868
4108;230369582
4109;26405162
4110;33496073
4111;46023026
4112;30514894
4113;40186884
4114;30258610
4115;36297844
4116;44168350
4117;79982184
4118;76942665
4119;37105721
4120;37596581
4121;86808129
4122;45980659
4123;50542805
4124;94703825
4125;158481518
4126;46332823
4127;46104220
4128;35017995
4129;46718196
4130;75190094
4131;36168428
4132;39549214
4133;63915035
4134;90937144
4135;32511233
4136;117503463
4137;42806106
4138;31293354
4139;42129658
4140;93478263
4141;35663888
4142;28545292
4143;39759231
4144;75191620
4145;36500460
4146;37224653
4147;96562310
4148;54028469
4149;46335418
4150;42822439
4151;35274568
4152;35689566
4153;48012436
4154;126826968
4155;40171150
4156;72516770
4157;201631096
4158;40373487
4159;34405586
4160;42629925
4161;95480395
4162;121758305
4163;38711995
4164;38453014
4165;89254045
4166;82956725
4167;44633972
4168;42390419
4169;44869014
4170;35264527
4171;73728418
4172;68639464
4173;66696727
4174;28365900
4175;35311691
4176;40393209
4177;81123208
4178;237028885
4179;55631442
4180;37740342
4181;34020321
4182;83512167
4183;29061450
4184;58736618
4185;139950796
4186;65724746
4187;31130990
4188;48501770
4189;44057858
4190;37906082
4191;137192863
4192;40636866
4193;29847231
4194;37720853
4195;40817211
4196;31091264
4197;34396191
4198;33378752
4199;29985220
4200;65797455
4201;29697857
4202;40510626
4203;39941677
4204;35415424
4205;35626110
4206;50527760
4207;125714250
4208;34087342
4209;38302384
4210;80789755
4211;36220742
4212;39030830
4213;99735252
4214;43315008
4215;80986709
4216;99461842
4217;110065629
4218;46877900
4219;129936746
4220;73720334
4221;40710345
4222;59796687
4223;27315320
4224;53969950
4225;41426880
4226;31864227
4227;60013288
4228;32080282
4229;36484955
4230;32924006
4231;40476585
4232;44223005
4233;42293714
4234;45985585
4235;47304320
4236;58084331
4237;43562507
4238;40174596
4239;35356985
4240;31507568
4241;50926480
4242;18900786
4243;43296281
4244;38038610
4245;131258855
4246;51074518
4247;37104178
4248;141608605
4249;38943096
4250;29050800
4251;43481379
4252;29252929
4253;66088847
4254;31324240
4255;51308889
4256;38638911
4257;62812957
4258;85867192
4259;28041700
4260;55171168
4261;147043566
4262;36677531
4263;43877017
4264;37979183
4265;30748304
4266;46792366
4267;119783893
4268;146477056
4269;179098775
4270;55865533
4271;31655321
4272;44074914
4273;34528561
4274;86577477
4275;67522220
4276;38332373
4277;129297709
4278;35266450
4279;67815376
4280;33154628
4281;45003004
4282;39932284
4283;25707444
4284;57161291
4285;31003926
4286;178887360
4287;85653956
4288;42626155
4289;101043452
4290;40333092
4291;39222080
4292;75585615
4293;41606554
4294;210022607
4295;34781016
4296;48311630
4297;81288856
4298;52621479
4299;28863231
4300;68665055
4301;34957055
4302;48097672
4303;29454336
4304;103594596
4305;144606805
4306;31385320
4307;37939469
4308;42028252
4309;138585457
4310;54085971
4311;111612068
4312;37928361
4313;38539170
4314;36785527
4315;45164004
4316;61731733
4317;59613357
4318;104466833
4319;37213779
4320;45501752
4321;171803450
4322;32325528
4323;42125721
4324;43311079
4325;48828433
4326;30652813
4327;208988193
4328;273079930
4329;45356089
4330;39999881
4331;94666180
4332;41264811
4333;39080652
4334;33701017
4335;29041490
4336;228770103
4337;47383817
4338;26399212
4339;42690954
4340;91916950
4341;40943622
4342;35802461
4343;39791919
4344;48429812
4345;163865087
4346;34064679
4347;55798964
4348;30224731
4349;42677510
4350;101958330
4351;57934333
4352;87479284
4353;28480035
4354;36098370
4355;39256942
4356;49679707
4357;58433476
4358;50754927
4359;39550895
4360;34222225
4361;68642027
4362;61731560
4363;43127586
4364;230354557
4365;40351111
4366;47634863
4367;39090495
4368;85346225
4369;43609752
4370;37929054
4371;44396713
4372;97245108
4373;107533250
4374;111879660
4375;38972903
4376;82123263
4377;41029440
4378;52042644
4379;40341833
4380;36208759
4381;102771473
4382;48708731
4383;45717700
4384;28604695
4385;38027506
4386;85227132
4387;39458850
4388;33263840
4389;55853046
4390;55647744
4391;72806544
4392;61806586
4393;37556580
4394;119856960
4395;29968425
4396;39492263
4397;35292563
4398;86248868
4399;38909329
4400;50627236
4401;40854492
4402;36931954
4403;36109600
4404;40070947
4405;122939505
4406;126268825
4407;39966772
4408;44052894
4409;38713554
4410;41538086
4411;65396510
4412;102941713
4413;41390333
4414;98652433
4415;190536973
4416;80218829
4417;30156687
4418;94532709
4419;43711725
4420;41767319
4421;41714503
4422;40761678
4423;100697977
4424;63664927
4425;157863184
4426;37900240
4427;85992835
4428;35466579
4429;31276900
4430;52986678
4431;33989252
4432;46870280
4433;41379108
4434;19721035
4435;51000011
4436;33696540
4437;36798340
4438;52881740
4439;95733873
4440;94411132
4441;36856920
4442;36943664
4443;212744886
4444;42561200
4445;38543776
4446;24720475
4447;41996385
4448;51573723
4449;116221652
4450;47767820
4451;21583060
4452;32785213
4453;28848335
4454;40565722
4455;42593500
4456;56820590
4457;39799105
4458;44258194
4459;34221604
4460;43204408
4461;35534406
4462;31973889
4463;45730887
4464;38071592
4465;45063057
4466;39609047
4467;123336240
4468;37069021
4469;38630148
4470;246288532
4471;62507558
4472;35122595
4473;58839600
4474;48791245
4475;38138431
4476;104958434
4477;44609411
4478;39722736
4479;35333403
4480;30930492
4481;31826962
4482;43676179
4483;46971532
4484;45635187
4485;47632816
4486;45312303
4487;39342393
4488;42184011
4489;32605188
4490;133833264
4491;42390155
4492;33594877
4493;30468028
4494;36869278
4495;33835766
4496;35527733
4497;40938584
4498;144889536
4499;44561583
4500;38647686
4501;373145795
4502;50437547
4503;36407752
4504;128325191
4505;38872023
4506;163491145
4507;41150626
4508;48491557
4509;36074169
4510;41041335
4511;124484445
4512;40193750
4513;42103138
4514;34675663
4515;126432838
4516;26756441
4517;28657694
4518;36293253
4519;36198157
4520;37474184
4521;42406126
4522;86987616
4523;37021547
4524;74929005
4525;138444834
4526;78923091
4527;43316888
4528;49407300
4529;80937441
4530;30849304
4531;178875500
4532;34191930
4533;37737440
4534;43205157
4535;33759993
4536;138855056
4537;43704373
4538;35878872
4539;49737816
4540;47001866
4541;103158636
4542;49500068
4543;41356545
4544;109269594
4545;98009993
4546;35477604
4547;38623626
4548;37037446
4549;88767711
4550;27817075
4551;41307963
4552;46862180
4553;37309260
4554;76633700
4555;205971129
4556;44700021
4557;42165119
4558;40181146
4559;131922421
4560;78515420
4561;36833661
4562;48144110
4563;44777414
4564;48377085
4565;84078350
4566;37440611
4567;55457968
4568;129631660
4569;104645431
4570;44895790
4571;43204977
4572;35975670
4573;27620875
4574;55401846
4575;147470654
4576;79786295
4577;55939668
4578;28798750
4579;43070627
4580;57692290
4581;90191407
4582;40839227
4583;29743792
4584;25429173
4585;26587064
4586;38402075
4587;210037764
4588;64097166
4589;66147652
4590;61230352
4591;213772815
4592;36155893
4593;45284583
4594;41865555
4595;44724929
4596;44786216
4597;42743672
4598;28316278
4599;37375336
4600;62284486
4601;47494466
4602;83882306
4603;96516970
4604;152972791
4605;43109046
4606;80728375
4607;119930950
4608;43758668
4609;29879333
4610;33520150
4611;82436517
4612;103126268
4613;191027217
4614;97297289
4615;47894626
4616;230732368
4617;33945016
4618;45899738
4619;61625645
4620;171897388
4621;41158915
4622;165147275
4623;29081700
4624;25801245
4625;34872725
4626;96072683
4627;67306895
4628;36906890
4629;31693762
4630;31578723
4631;45906955
4632;43399717
4633;45085730
4634;45867569
4635;232690384
4636;36213141
4637;43023875
4638;39193085
4639;39002927
4640;28779794
4641;104793642
4642;33789911
4643;35742909
4644;32815343
4645;127854895
4646;78080107
4647;146687703
4648;49529342
4649;35138369
4650;133254927
4651;53123046
4652;46338364
4653;35145522
4654;41245619
4655;43444588
4656;39762458
4657;41981028
4658;41911438
4659;46360673
4660;29834218
4661;36433035
4662;62242106
4663;42309882
4664;37076970
4665;27352261
4666;40410532
4667;44413637
4668;37262994
4669;194548253
4670;40990081
4671;32024485
4672;71913079
4673;100754594
4674;206507320
4675;103484777
4676;43544104
4677;31438082
4678;40027039
4679;82428366
4680;47795815
4681;153567630
4682;48047773
4683;39284204
4684;32209093
4685;42654995
4686;41056504
4687;37148361
4688;45841605
4689;108738634
4690;53944752
4691;181937160
4692;42495005
4693;39281446
4694;69938323
4695;92659518
4696;119284920
4697;158475403
4698;37161062
4699;133307608
4700;36567369
4701;94478668
4702;41079017
4703;40392625
4704;40865096
4705;56036662
4706;51624306
4707;160333959
4708;71346622
4709;48475808
4710;174067209
4711;51529076
4712;36888858
4713;94801196
4714;34430691
4715;60466116
4716;32307175
4717;40470857
4718;63657333
4719;35485700
4720;43477795
4721;44459364
4722;46576123
4723;113505134
4724;36659503
4725;45097052
4726;126571556
4727;57230444
4728;46524423
4729;59904570
4730;44981559
4731;46716225
4732;37114400
4733;45554109
4734;34447562
4735;45302342
4736;42203882
4737;56219650
4738;29786135
4739;165506276
4740;82306905
4741;130147494
4742;54692981
4743;34571273
4744;105454500
4745;46314809
4746;88711840
4747;31817150
4748;49241040
4749;152327765
4750;53199821
4751;47292272
4752;124646600
4753;61342843
4754;34916162
4755;276008504
4756;113963936
4757;35548192
4758;38457450
4759;102654341
4760;36647826
4761;49570460
4762;46481204
4763;45254988
4764;59291093
4765;41415822
4766;171236855
4767;34974696
4768;38599881
4769;37758588
4770;42106239
4771;58479421
4772;39028042
4773;60807568
4774;35175052
4775;41406614
4776;162302833
4777;49272042
4778;52684580
4779;41708594
4780;51760510
4781;77885200
4782;92653966
4783;144772893
4784;44925861
4785;42845836
4786;49492828
4787;46831136
4788;45051400
4789;217761594
4790;38256461
4791;157268164
4792;51272605
4793;120151077
4794;30470140
4795;54622675
4796;166651304
4797;200578784
4798;46687200
4799;225727714
4800;44871633
4801;169945367
4802;39457329
4803;44384955
4804;45634077
4805;36544155
4806;31948370
4807;181754133
4808;38734923
4809;59147607
4810;39875440
4811;39473580
4812;40871168
4813;250958010
4814;33063606
4815;77392190
4816;133445328
4817;39729964
4818;262778855
4819;42229127
4820;41470233
4821;70697609
4822;39200455
4823;55347586
4824;45467716
4825;44270535
4826;38028576
4827;54508933
4828;53495814
4829;44701605
4830;42509470
4831;39049112
4832;38853812
4833;48629281
4834;49859233
4835;117812583
4836;45795111
4837;47412452
4838;114122951
4839;115685004
4840;33517638
4841;40312375
4842;43231521
4843;38073383
4844;176440360
4845;141953347
4846;67554178
4847;100060361
4848;150834436
4849;51805656
4850;46537756
4851;34004111
4852;54341316
4853;189397454
4854;46964552
4855;51924200
4856;49628282
4857;150805857
4858;48561500
4859;43617063
4860;45332850
4861;31120592
4862;45511381
4863;56736443
4864;115004968
4865;35607680
4866;107242081
4867;82074452
4868;85715526
4869;31037935
4870;49675176
4871;130029861
4872;25099345
4873;37277850
4874;72761108
4875;58227507
4876;45991883
4877;39907461
4878;42454704
4879;105779865
4880;40804322
4881;69964329
4882;122266104
4883;50161376
4884;56767317
4885;39853385
4886;63711742
4887;113084796
4888;44649057
4889;95236240
4890;144963265
4891;61123247
4892;27574416
4893;42170214
4894;51015277
4895;45498757
4896;261320882
4897;90799072
4898;39790308
4899;107492344
4900;86800070
4901;78162129
4902;39746979
4903;40709361
4904;31542887
4905;34767088
4906;51659230
4907;33779568
4908;52451347
4909;132609825
4910;64153093
4911;43055288
4912;48382382
4913;35232791
4914;44038259
4915;50444868
4916;53285637
4917;148914166
4918;36613747
4919;135665524
4920;126710980
4921;38715415
4922;247024243
4923;44379278
4924;43872495
4925;50691328
4926;51305575
4927;83554828
4928;45553626
4929;39919945
4930;168618150
4931;48919942
4932;42381430
4933;55160438
4934;39305610
4935;145565386
4936;39760850
4937;35543665
4938;51954972
4939;52296470
4940;89578642
4941;210661933
4942;42282290
4943;37821565
4944;44257505
4945;49027966
4946;135596777
4947;20497663
4948;153857675
4949;37567533
4950;49204024
4951;195569186
4952;45435761
4953;34275645
4954;41218720
4955;40037650
4956;46096658
4957;59006550
4958;46177330
4959;44675416
4960;44760825
4961;38882180
4962;48621775
4963;45655762
4964;155181895
4965;194212765
4966;213932500
4967;41410536
4968;43066442
4969;36276620
4970;41742917
4971;43620623
4972;37299106
4973;37415405
4974;39709547
4975;44091321
4976;45385965
4977;44803475
4978;52490596
4979;160310665
4980;33236263
4981;51488053
4982;222872260
4983;45685270
4984;45379058
4985;30669828
4986;39617596
4987;40342872
4988;65408218
4989;78166748
4990;51798009
4991;50622505
4992;129039576
4993;37036973
4994;87203216
4995;35736045
4996;120808284
4997;48630819
4998;55788895
4999;203406495
