0;11476
1;12833
2;12050
3;386400
4;10666
5;11700
6;549046
7;543466
8;11487
9;11211
10;14754
11;14816
12;578466
13;10776
14;11725
15;10636
16;11769
17;14627
18;12981
19;11550
20;393192
21;12427
22;13181
23;11809
24;2930118
25;15254
26;13266
27;14586
28;367776
29;11888
30;11225
31;13730
32;334480
33;1067671
34;13957
35;389382
36;12936
37;10763
38;271618
39;12700
40;960537
41;671900
42;458792
43;398220
44;15650
45;13333
46;12255
47;12900
48;14950
49;11200
50;17110
51;11154
52;12363
53;13140
54;334540
55;15094
56;953200
57;11854
58;20075
59;517390
60;16969
61;15288
62;10618
63;12085
64;19258
65;1205136
66;17275
67;1191721
68;11927
69;13662
70;685466
71;434660
72;309011
73;12133
74;12633
75;11372
76;466130
77;13470
78;4921344
79;716322
80;13255
81;12928
82;1118425
83;12000
84;1187533
85;439478
86;19010
87;683675
88;571954
89;13390
90;13270
91;11906
92;12566
93;12966
94;19814
95;11000
96;10900
97;18246
98;3058556
99;442621
100;14044
101;11980
102;14363
103;692083
104;16518
105;13850
106;11455
107;13442
108;14376
109;12446
110;11850
111;12735
112;693828
113;22242
114;13780
115;12076
116;13185
117;1983320
118;13966
119;12540
120;13537
121;14284
122;11984
123;11225
124;678218
125;14316
126;12200
127;10166
128;11766
129;364057
130;356393
131;10383
132;29175
133;322250
134;19911
135;13025
136;12190
137;11488
138;11907
139;11115
140;2738808
141;14427
142;11370
143;11408
144;12422
145;12160
146;598150
147;695300
148;1240269
149;11429
150;11378
151;12516
152;11252
153;15375
154;539980
155;548566
156;10863
157;15883
158;583991
159;12557
160;12915
161;11866
162;11590
163;10764
164;1050737
165;11633
166;18020
167;485075
168;12380
169;383958
170;348680
171;785340
172;10944
173;836300
174;13678
175;11244
176;14981
177;13657
178;11864
179;891620
180;12138
181;13331
182;13206
183;14430
184;12110
185;15109
186;397790
187;971366
188;13264
189;11752
190;867222
191;339146
192;452675
193;8710
194;12078
195;12440
196;12790
197;12650
198;12411
199;511300
200;11666
201;13269
202;423291
203;12736
204;473585
205;646487
206;17275
207;14281
208;379037
209;1812850
210;588463
211;1953011
212;1165361
213;415900
214;596070
215;11994
216;9966
217;19127
218;11800
219;11792
220;670237
221;11000
222;12963
223;11433
224;19050
225;11981
226;551500
227;12816
228;11155
229;775013
230;28871
231;13922
232;739963
233;14463
234;12986
235;972114
236;1142858
237;10927
238;14215
239;11257
240;1154355
241;12853
242;890962
243;724908
244;540623
245;722440
246;12183
247;10362
248;14122
249;497447
250;590554
251;611154
252;12122
253;960733
254;479608
255;1364666
256;12942
257;380092
258;456550
259;645923
260;2859088
261;11475
262;9917
263;11212
264;414864
265;10941
266;995983
267;13412
268;13518
269;749958
270;13944
271;831175
272;11412
273;13800
274;444980
275;3857468
276;14100
277;13780
278;15780
279;11693
280;641990
281;1255187
282;455700
283;11628
284;12991
285;1636637
286;830211
287;14662
288;316223
289;11341
290;818478
291;1874112
292;16760
293;12025
294;721900
295;1393920
296;29180
297;12984
298;18368
299;446500
300;299423
301;13140
302;687254
303;11600
304;637381
305;1040600
306;11053
307;11957
308;11177
309;1965850
310;13788
311;11890
312;450775
313;1073914
314;761281
315;5022600
316;348512
317;499960
318;377457
319;350083
320;1140845
321;555166
322;12742
323;13330
324;12530
325;517610
326;11672
327;715355
328;13080
329;1357530
330;11583
331;13400
332;503447
333;1587100
334;12673
335;1054216
336;1200950
337;2553940
338;10250
339;12000
340;12537
341;14985
342;11700
343;427414
344;604783
345;12538
346;1212200
347;11646
348;1213447
349;424341
350;15275
351;20812
352;11507
353;1460105
354;12292
355;11300
356;944738
357;11400
358;692210
359;10081
360;843225
361;1179842
362;13300
363;12960
364;487580
365;671507
366;776018
367;729390
368;10788
369;815488
370;1460953
371;10744
372;646130
373;596520
374;499064
375;717530
376;14071
377;625260
378;11666
379;11900
380;1261590
381;707062
382;11525
383;12227
384;817623
385;481291
386;406207
387;725150
388;10987
389;546945
390;421070
391;33350
392;314921
393;1352500
394;11741
395;11566
396;782133
397;442527
398;11600
399;1049366
400;994264
401;11661
402;615025
403;806162
404;591381
405;660491
406;353718
407;3350712
408;5275670
409;5695627
410;576400
411;739280
412;437915
413;1118983
414;2486516
415;1373444
416;466258
417;11842
418;11933
419;13127
420;14400
421;1819383
422;503327
423;841610
424;848762
425;636322
426;1074562
427;716517
428;2390080
429;11707
430;1474690
431;2046485
432;29477
433;534006
434;1875572
435;345041
436;12808144
437;986304
438;12116
439;14288
440;1043675
441;1094042
442;14344
443;744090
444;13194
445;1198677
446;13225
447;13345
448;13660
449;405900
450;18041
451;12053
452;313875
453;11888
454;437750
455;1451400
456;1122471
457;1146542
458;432588
459;534358
460;665489
461;12925
462;776537
463;1144300
464;11525
465;12344
466;522953
467;652870
468;11412
469;12738
470;384913
471;10880
472;10916
473;15207
474;12587
475;12055
476;573700
477;11371
478;630881
479;10980
480;12484
481;11444
482;1043380
483;553909
484;11980
485;559980
486;459746
487;451046
488;813912
489;12475
490;1240255
491;425846
492;13400
493;16011
494;929588
495;929863
496;13472
497;11685
498;465092
499;10400
500;12490
501;12300
502;12022
503;1790340
504;12764
505;12210
506;548915
507;1086990
508;1318525
509;21981
510;627847
511;967806
512;643026
513;1597983
514;546592
515;1675456
516;704483
517;600616
518;11416
519;580500
520;661758
521;12650
522;863946
523;866853
524;752460
525;2121340
526;561054
527;566645
528;970014
529;808288
530;4805678
531;15920
532;1065600
533;14583
534;17028
535;762264
536;280068
537;664536
538;958471
539;837481
540;10800
541;790854
542;782920
543;13944
544;14485
545;3742357
546;548600
547;14845
548;279857
549;12035
550;541800
551;1080183
552;11266
553;15128
554;2023478
555;12300
556;13418
557;15583
558;15658
559;609910
560;347850
561;4881381
562;11616
563;564927
564;12188
565;2312900
566;675425
567;12475
568;965327
569;855161
570;939150
571;12146
572;14391
573;3384192
574;12312
575;400231
576;345227
577;547733
578;730516
579;511200
580;1246533
581;646488
582;12053
583;733064
584;11769
585;1602120
586;508733
587;912787
588;579000
589;444718
590;765560
591;4513600
592;1922345
593;487666
594;502535
595;13192
596;930621
597;5027090
598;11668
599;528466
600;11814
601;627716
602;1674053
603;421200
604;737450
605;13920
606;7861200
607;1311650
608;11725
609;652063
610;11638
611;918023
612;1265678
613;611628
614;891053
615;1909923
616;417612
617;1260955
618;650110
619;733966
620;501430
621;434645
622;2433183
623;792414
624;600675
625;933514
626;32687
627;1339580
628;12990
629;1406481
630;12414
631;346550
632;964588
633;426000
634;1167216
635;11788
636;966000
637;976335
638;544720
639;368371
640;13133
641;1539185
642;817353
643;725100
644;12385
645;1031990
646;352736
647;15257
648;15080
649;12227
650;1189587
651;2763930
652;542786
653;938177
654;4554300
655;765780
656;1849600
657;323788
658;711970
659;2571025
660;1757372
661;1236966
662;11055
663;15060
664;547263
665;875709
666;555488
667;1370158
668;1275400
669;11209
670;1303106
671;345376
672;814390
673;5246290
674;12837
675;11425
676;1607087
677;555490
678;12093
679;2051854
680;1224891
681;750969
682;12144
683;5289025
684;16214
685;779372
686;799118
687;11883
688;13541
689;12076
690;1220000
691;3210487
692;845410
693;1214040
694;9700
695;2639366
696;517020
697;1103520
698;810014
699;2075711
700;10242
701;1653463
702;1061642
703;1706490
704;2418875
705;13283
706;1328250
707;1360550
708;427483
709;486775
710;1358230
711;1933400
712;12687
713;963790
714;1121900
715;467125
716;726000
717;568938
718;2105216
719;10700
720;961981
721;12666
722;16900
723;1133900
724;11127
725;1575225
726;1921966
727;978111
728;1348747
729;22861
730;1226414
731;1606342
732;4576236
733;2677160
734;7583391
735;1103800
736;1069436
737;397415
738;994340
739;2648600
740;549690
741;618809
742;12300
743;777130
744;1008600
745;1573840
746;10825
747;1696276
748;1061666
749;1308830
750;789990
751;411973
752;1220754
753;2317081
754;15657
755;1145187
756;412520
757;380986
758;1262700
759;1286480
760;557260
761;1161637
762;1760800
763;1621528
764;388887
765;419266
766;811880
767;566609
768;1470925
769;500041
770;568880
771;693160
772;12470
773;11390
774;1467481
775;562570
776;666080
777;1286611
778;1563300
779;1428407
780;1851408
781;16358
782;2496966
783;1718261
784;1180661
785;1434170
786;1058688
787;12740
788;582527
789;700914
790;566415
791;12920
792;1179907
793;686030
794;13260
795;556830
796;10991
797;571300
798;440310
799;1682068
800;1766171
801;791982
802;10670
803;756914
804;1020675
805;7148716
806;863461
807;4461776
808;891420
809;1217957
810;484947
811;440093
812;1026107
813;3676781
814;1476900
815;12660
816;4702809
817;887871
818;2746828
819;13233
820;539641
821;12690
822;803838
823;1183892
824;1619866
825;2313125
826;1024618
827;2352656
828;826721
829;2379500
830;10933
831;1294617
832;910750
833;3530012
834;1414960
835;1111430
836;2812400
837;1447033
838;1245910
839;389284
840;1555836
841;395818
842;1666275
843;2335618
844;1073950
845;497200
846;798000
847;426642
848;11721
849;1371330
850;1535200
851;11925
852;1594083
853;1085492
854;740260
855;486000
856;12690
857;964422
858;421916
859;634330
860;496209
861;429250
862;700362
863;12814
864;2093652
865;12194
866;1215360
867;474107
868;1270750
869;1356790
870;546927
871;1233173
872;1966730
873;10528
874;818500
875;699375
876;1153778
877;10383
878;1461825
879;1062150
880;564050
881;929766
882;845377
883;997271
884;6582311
885;941114
886;1544655
887;4015316
888;818471
889;605409
890;735233
891;844912
892;898384
893;1078125
894;15775
895;3777758
896;2053988
897;589725
898;13281
899;10233
900;1378554
901;1075866
902;11484
903;1390430
904;702033
905;10840
906;718209
907;1381127
908;666231
909;12509
910;20975
911;1696553
912;1836533
913;15562
914;1332460
915;927642
916;1256830
917;11828
918;776663
919;1486408
920;481869
921;1468120
922;12764
923;665280
924;2514570
925;1148610
926;11350
927;11266
928;2233211
929;1483911
930;711550
931;1048422
932;15550
933;1924654
934;828621
935;476192
936;1463342
937;12283
938;3033523
939;925300
940;1617660
941;1797533
942;3274560
943;1810205
944;2119590
945;1190191
946;1392113
947;11600
948;1390515
949;2219386
950;18583
951;1797833
952;715236
953;352792
954;1808111
955;559481
956;383291
957;603522
958;515800
959;16413
960;686514
961;14835
962;2403792
963;14656
964;919841
965;20085
966;915300
967;319622
968;1099310
969;349728
970;1635100
971;1482157
972;335287
973;848630
974;360846
975;3264566
976;314364
977;705670
978;950612
979;868830
980;1192033
981;11450
982;4135214
983;1679425
984;10911
985;883475
986;12270
987;972687
988;10130
989;2433516
990;3163871
991;5093607
992;6455230
993;412671
994;1564900
995;733546
996;966675
997;1335277
998;1683536
999;1213385
1000;943457
1001;1588942
1002;950887
1003;1234073
1004;1691640
1005;970391
1006;1724540
1007;623655
1008;1228100
1009;1424940
1010;17238
1011;916900
1012;12955
1013;1508715
1014;1852213
1015;698194
1016;596104
1017;592806
1018;1486887
1019;452292
1020;530730
1021;505181
1022;832821
1023;2238381
1024;1143709
1025;10830
1026;520607
1027;927783
1028;11860
1029;20300
1030;2731246
1031;1549700
1032;2631907
1033;1094450
1034;391635
1035;957876
1036;826480
1037;1484452
1038;1000192
1039;1732470
1040;485477
1041;11033
1042;1752700
1043;725100
1044;1503626
1045;5439233
1046;4327208
1047;1254025
1048;11818
1049;1259793
1050;2355380
1051;12014
1052;2224811
1053;2118000
1054;11190
1055;900975
1056;838300
1057;1276853
1058;1098773
1059;12066
1060;1044358
1061;684855
1062;441009
1063;1742944
1064;631740
1065;12883
1066;699376
1067;2613081
1068;842530
1069;16750
1070;432830
1071;767933
1072;2075822
1073;12000
1074;15909
1075;1487063
1076;11507
1077;941112
1078;2399391
1079;628363
1080;724537
1081;799916
1082;471200
1083;1242815
1084;1765761
1085;633000
1086;13500
1087;14084
1088;1606422
1089;1943038
1090;1752042
1091;1292676
1092;1994391
1093;1571781
1094;1237044
1095;371938
1096;856400
1097;1431910
1098;1998446
1099;1332033
1100;1581565
1101;1255269
1102;2413363
1103;600800
1104;808128
1105;1510810
1106;2089916
1107;1846225
1108;769909
1109;1311190
1110;1380309
1111;1908100
1112;2296600
1113;2056800
1114;527891
1115;1618505
1116;338714
1117;1493533
1118;919923
1119;1038394
1120;767625
1121;1968633
1122;838707
1123;1325320
1124;994375
1125;1075636
1126;1610737
1127;1128672
1128;758700
1129;1443018
1130;1754143
1131;1550581
1132;783881
1133;1080200
1134;642646
1135;885846
1136;1344075
1137;2422342
1138;1113560
1139;1912407
1140;713511
1141;466478
1142;1306737
1143;944290
1144;11981
1145;4188600
1146;2416888
1147;4114233
1148;2134011
1149;301000
1150;691158
1151;1191720
1152;1235422
1153;5717583
1154;12625
1155;1240083
1156;1450287
1157;944883
1158;1566007
1159;606766
1160;12075
1161;1436118
1162;1755527
1163;13175
1164;605607
1165;535300
1166;516472
1167;3323016
1168;1637633
1169;2278055
1170;425300
1171;4195142
1172;930666
1173;929587
1174;2253488
1175;779815
1176;1153966
1177;1525633
1178;11966
1179;13057
1180;1069814
1181;265086
1182;1492881
1183;2369191
1184;1565909
1185;1206204
1186;848086
1187;1103357
1188;962727
1189;982628
1190;1463250
1191;1080722
1192;1273333
1193;1794978
1194;1776866
1195;1062831
1196;11557
1197;1080838
1198;1906081
1199;1127381
1200;1029075
1201;3886490
1202;1784733
1203;971083
1204;2115233
1205;614226
1206;796071
1207;11183
1208;1183840
1209;824300
1210;2476311
1211;1064337
1212;13850
1213;808912
1214;1789218
1215;261026
1216;734014
1217;1474880
1218;2063933
1219;2474977
1220;571355
1221;1072363
1222;1941406
1223;1205894
1224;49785
1225;2765550
1226;1174512
1227;1030100
1228;1917614
1229;2176165
1230;4613618
1231;931657
1232;867975
1233;654666
1234;2140654
1235;1047562
1236;2028345
1237;1503850
1238;1021000
1239;1932130
1240;1947020
1241;1591446
1242;1070041
1243;580228
1244;1622820
1245;2089133
1246;963876
1247;855277
1248;2109272
1249;2504766
1250;1325811
1251;3430591
1252;879478
1253;10416
1254;1445863
1255;2832846
1256;7399194
1257;1414213
1258;944506
1259;956250
1260;1445215
1261;3484325
1262;2241850
1263;2092511
1264;4230233
1265;1352077
1266;1131081
1267;305846
1268;2275985
1269;427916
1270;1776808
1271;592011
1272;1094083
1273;1701600
1274;2912910
1275;720500
1276;1532790
1277;2530400
1278;1791450
1279;11300
1280;765372
1281;914006
1282;1528688
1283;11625
1284;434800
1285;2777028
1286;2966061
1287;1271863
1288;505709
1289;1769925
1290;12038
1291;1371000
1292;1123616
1293;2313070
1294;1674783
1295;1701327
1296;3130421
1297;13900
1298;2122987
1299;808125
1300;3019035
1301;12583
1302;1612792
1303;1194952
1304;1992785
1305;12811
1306;12187072
1307;636957
1308;10883
1309;4158057
1310;664666
1311;1428650
1312;906933
1313;10550
1314;2407688
1315;1675870
1316;615392
1317;12883
1318;1207977
1319;928320
1320;924186
1321;839675
1322;814611
1323;754300
1324;14300
1325;675620
1326;2159853
1327;664233
1328;2202950
1329;289528
1330;15755
1331;1050457
1332;1364663
1333;3152908
1334;1100200
1335;1420216
1336;3973260
1337;4232071
1338;697990
1339;785400
1340;780893
1341;1321476
1342;989722
1343;2263785
1344;1982688
1345;1989400
1346;11393
1347;3638056
1348;1276166
1349;786528
1350;2101083
1351;1011585
1352;2476461
1353;1320933
1354;428933
1355;1207900
1356;1025825
1357;1717657
1358;10271
1359;1684709
1360;1982655
1361;693500
1362;2779450
1363;1985258
1364;2110575
1365;13041
1366;1012937
1367;1047080
1368;15914
1369;6594566
1370;2279677
1371;357953
1372;3046421
1373;864790
1374;1135258
1375;1231900
1376;1247533
1377;1154118
1378;7419700
1379;610758
1380;2010816
1381;2834644
1382;2123400
1383;11245
1384;2729933
1385;10737
1386;430200
1387;1688812
1388;11837
1389;1723490
1390;1133621
1391;810572
1392;988393
1393;1082476
1394;10628
1395;2407100
1396;950615
1397;776987
1398;10500
1399;1022080
1400;1052533
1401;2582752
1402;1173144
1403;563650
1404;1157200
1405;1877230
1406;1578828
1407;1522845
1408;2285830
1409;5764888
1410;639490
1411;5485665
1412;488800
1413;2495031
1414;1888494
1415;3520164
1416;12666
1417;2527745
1418;1305207
1419;1439653
1420;4511458
1421;348331
1422;434371
1423;535683
1424;1347622
1425;2129000
1426;2482450
1427;1545887
1428;1410580
1429;1212166
1430;636483
1431;2362769
1432;878361
1433;753200
1434;1472311
1435;942188
1436;1183957
1437;1433786
1438;4808472
1439;890257
1440;2968875
1441;1871582
1442;2198169
1443;681685
1444;1822030
1445;2163842
1446;1925112
1447;2171176
1448;520685
1449;3722884
1450;1767016
1451;1911040
1452;1454664
1453;2072238
1454;1356185
1455;707488
1456;743321
1457;1713021
1458;4349377
1459;1406061
1460;936827
1461;795014
1462;2325641
1463;2285446
1464;1737781
1465;1357845
1466;1581050
1467;911246
1468;1748114
1469;1494230
1470;871535
1471;1654316
1472;963414
1473;917600
1474;315100
1475;2861526
1476;758355
1477;2028415
1478;809400
1479;1056509
1480;3270850
1481;3530280
1482;2925680
1483;2954300
1484;431800
1485;2248920
1486;1337411
1487;11190
1488;3033828
1489;3961340
1490;1751175
1491;1120737
1492;1835508
1493;1021310
1494;1434381
1495;906313
1496;1011872
1497;1390711
1498;4226166
1499;11936
1500;1338323
1501;1312400
1502;981876
1503;1151820
1504;2952000
1505;1994066
1506;2073628
1507;2573663
1508;745284
1509;1554507
1510;571514
1511;2355985
1512;892421
1513;2128607
1514;1133309
1515;2281362
1516;772500
1517;2132228
1518;2269384
1519;725266
1520;1352121
1521;14100
1522;10146346
1523;575858
1524;2483142
1525;1337650
1526;1160840
1527;3636133
1528;2946172
1529;1547590
1530;1375784
1531;605814
1532;2805000
1533;865833
1534;2682100
1535;672907
1536;1263700
1537;1905045
1538;391628
1539;3729836
1540;1207287
1541;1480143
1542;1480538
1543;1462362
1544;1624664
1545;1607036
1546;553645
1547;2459715
1548;2815550
1549;1098063
1550;2845208
1551;782700
1552;440964
1553;2793115
1554;2319171
1555;1343853
1556;3679300
1557;2413266
1558;1933675
1559;2476777
1560;6931422
1561;2012906
1562;1519413
1563;992680
1564;2090541
1565;1275544
1566;3506872
1567;435825
1568;1521438
1569;19450
1570;1305581
1571;827450
1572;2355161
1573;1291300
1574;1099731
1575;8160918
1576;1108342
1577;1026400
1578;1205477
1579;4948690
1580;1876800
1581;1310270
1582;3339793
1583;13841
1584;1266300
1585;1339911
1586;1455144
1587;3075738
1588;3057240
1589;967077
1590;1682214
1591;2114109
1592;614060
1593;1128753
1594;817933
1595;1144371
1596;1302242
1597;2384720
1598;1972414
1599;1027226
1600;665185
1601;1106945
1602;11860
1603;2590850
1604;2967841
1605;1782766
1606;2355556
1607;846250
1608;4785085
1609;1391121
1610;12811
1611;1051233
1612;1794466
1613;12316
1614;1903410
1615;575954
1616;1375523
1617;2375700
1618;594727
1619;3798105
1620;6070110
1621;596433
1622;1460607
1623;2744933
1624;1834509
1625;1092100
1626;1479122
1627;1524081
1628;1045371
1629;1565888
1630;8828
1631;2390075
1632;2563163
1633;1249245
1634;948014
1635;2284560
1636;1579164
1637;437043
1638;3303066
1639;615691
1640;742546
1641;2028800
1642;2059220
1643;12918
1644;1239406
1645;3431593
1646;2154646
1647;2435881
1648;1090630
1649;1852028
1650;1893305
1651;2711085
1652;755260
1653;2693000
1654;2897800
1655;2718700
1656;912300
1657;1865766
1658;2959781
1659;2234371
1660;854516
1661;648150
1662;1147533
1663;521672
1664;2229777
1665;1825100
1666;1323692
1667;1956428
1668;670326
1669;2198664
1670;572828
1671;1377933
1672;3185745
1673;1144263
1674;2335630
1675;2177290
1676;3155475
1677;3211729
1678;3250169
1679;1282362
1680;1205372
1681;2927530
1682;4085233
1683;1046950
1684;386307
1685;1166952
1686;1555355
1687;2164258
1688;1327683
1689;2987755
1690;3444288
1691;4164650
1692;1668475
1693;1323842
1694;2246066
1695;2741100
1696;2813930
1697;797912
1698;2983744
1699;2096518
1700;2867441
1701;859614
1702;1750500
1703;1172663
1704;1295610
1705;3448475
1706;1627400
1707;3321300
1708;1485450
1709;5095392
1710;519030
1711;2529318
1712;806507
1713;2572285
1714;16089425
1715;2656275
1716;3075427
1717;1446918
1718;3293050
1719;1199910
1720;2515590
1721;931809
1722;11853
1723;1624087
1724;1390075
1725;2872690
1726;3666628
1727;2543460
1728;355481
1729;4907587
1730;2511536
1731;2408414
1732;440915
1733;2287500
1734;13212
1735;1672814
1736;901558
1737;13145
1738;1972090
1739;1923663
1740;1964980
1741;1725258
1742;3305977
1743;1253622
1744;3213284
1745;1763964
1746;1150175
1747;1741183
1748;2245983
1749;2335037
1750;1114972
1751;1690276
1752;1247260
1753;5621107
1754;1408509
1755;2944950
1756;1077140
1757;1166205
1758;2891162
1759;2450790
1760;2836925
1761;475490
1762;1488826
1763;2476264
1764;4241605
1765;1238957
1766;1134218
1767;2834387
1768;2766781
1769;1536390
1770;1088788
1771;1335030
1772;1770204
1773;4729357
1774;1627685
1775;3547207
1776;2418720
1777;890710
1778;1630612
1779;1456483
1780;1750407
1781;417431
1782;1523500
1783;1894636
1784;2822353
1785;1215756
1786;3145600
1787;1671000
1788;1281240
1789;1974736
1790;2873450
1791;10245
1792;2223933
1793;3553260
1794;1128100
1795;2706314
1796;525646
1797;4245271
1798;1109981
1799;2406790
1800;2853838
1801;1203600
1802;2586430
1803;2115430
1804;2453455
1805;2829957
1806;2395588
1807;1388445
1808;1845130
1809;1468675
1810;2244310
1811;4861706
1812;1504250
1813;502463
1814;1378042
1815;2868725
1816;2104272
1817;1515157
1818;3355536
1819;2848250
1820;1443230
1821;4069091
1822;3098241
1823;3582600
1824;2166900
1825;884608
1826;2524184
1827;2613830
1828;3602575
1829;1712071
1830;2536987
1831;2562850
1832;1384393
1833;1003033
1834;2558123
1835;1257694
1836;6493329
1837;1013709
1838;2936118
1839;1425838
1840;2478309
1841;3723000
1842;2166363
1843;2554050
1844;1144866
1845;1549318
1846;5331891
1847;12288
1848;1258915
1849;5653837
1850;1508806
1851;770140
1852;5164175
1853;3012721
1854;1865327
1855;2523590
1856;4024157
1857;710250
1858;1998350
1859;2547685
1860;1818092
1861;1178720
1862;2374869
1863;13087
1864;1601826
1865;1267142
1866;7098707
1867;2250680
1868;3671077
1869;1307862
1870;1337852
1871;730090
1872;1921500
1873;2262661
1874;5176242
1875;3722500
1876;2330066
1877;1429729
1878;2663581
1879;983707
1880;2398623
1881;2072180
1882;575964
1883;1727083
1884;5818426
1885;1112341
1886;630230
1887;3271445
1888;2380460
1889;1896685
1890;3085960
1891;863762
1892;2609006
1893;1642326
1894;1212570
1895;1520722
1896;2149478
1897;3893100
1898;2728916
1899;2373221
1900;1364423
1901;2393216
1902;2065209
1903;4223584
1904;4529800
1905;1741463
1906;1864661
1907;3097505
1908;3083845
1909;1493833
1910;2808757
1911;3429264
1912;1163208
1913;2695566
1914;3589161
1915;850923
1916;6549212
1917;1365646
1918;2494333
1919;1303493
1920;1332100
1921;1116671
1922;2468741
1923;2139464
1924;2167200
1925;2022645
1926;731150
1927;4656720
1928;4154815
1929;1467125
1930;3162112
1931;3661780
1932;4999281
1933;2158154
1934;1402540
1935;14766
1936;2735309
1937;925791
1938;3393050
1939;4141325
1940;3504500
1941;787970
1942;2048781
1943;2221313
1944;1953129
1945;4865469
1946;15225
1947;2906825
1948;4709481
1949;2880690
1950;2410540
1951;4042837
1952;4269312
1953;6153881
1954;1466100
1955;954040
1956;1117373
1957;1958483
1958;1033220
1959;2861560
1960;2169892
1961;6840954
1962;739622
1963;2703077
1964;2142275
1965;1613950
1966;2011862
1967;2569916
1968;6734455
1969;2214290
1970;5078445
1971;2610223
1972;1333672
1973;1021675
1974;8722463
1975;3341687
1976;2263622
1977;1697600
1978;4249350
1979;4017775
1980;2022223
1981;2678091
1982;4929930
1983;3773816
1984;2304446
1985;3246050
1986;2225715
1987;1766976
1988;2209575
1989;737700
1990;8798214
1991;5415000
1992;3166012
1993;2198388
1994;2299033
1995;2478307
1996;2037118
1997;511175
1998;4209010
1999;1311776
2000;1106130
2001;2762800
2002;1448164
2003;3713675
2004;1820256
2005;2427661
2006;3229238
2007;1754164
2008;2365725
2009;2092866
2010;2600355
2011;1258745
2012;2159007
2013;2865350
2014;3369281
2015;2252694
2016;1074120
2017;863837
2018;5961266
2019;4570744
2020;8790720
2021;2394962
2022;3213590
2023;3635170
2024;2085980
2025;2773540
2026;2123344
2027;2472060
2028;2739121
2029;2673485
2030;2280888
2031;1882488
2032;4567833
2033;659269
2034;1443230
2035;3103530
2036;1728400
2037;2642242
2038;1332623
2039;3166171
2040;1320340
2041;2523600
2042;1705888
2043;4216125
2044;3713207
2045;1336725
2046;1425445
2047;4137657
2048;947200
2049;5410571
2050;1020587
2051;2855236
2052;3115150
2053;1294061
2054;1091650
2055;1562392
2056;1844284
2057;1560608
2058;1817143
2059;1334960
2060;1561261
2061;1278240
2062;3830837
2063;2722618
2064;2159414
2065;1406100
2066;5095115
2067;1463621
2068;2995012
2069;3157183
2070;1656675
2071;780469
2072;3887090
2073;1691666
2074;2251756
2075;1502810
2076;2084091
2077;3389137
2078;2284207
2079;2653292
2080;3274388
2081;1929350
2082;2336814
2083;6877814
2084;2008420
2085;2554453
2086;1328800
2087;5134663
2088;3163035
2089;2466746
2090;14470208
2091;2219907
2092;1332209
2093;627633
2094;1503664
2095;596990
2096;9586600
2097;1772521
2098;1738883
2099;956971
2100;3310169
2101;3915310
2102;3562083
2103;2540000
2104;2878046
2105;1542843
2106;3087955
2107;2324871
2108;2009327
2109;1563220
2110;2827107
2111;3244130
2112;3079688
2113;4935364
2114;2215475
2115;2898366
2116;1889133
2117;2161125
2118;2812157
2119;2570700
2120;1678936
2121;1571666
2122;3630554
2123;3278987
2124;2298060
2125;3306463
2126;3687276
2127;805516
2128;1867537
2129;9500863
2130;1473925
2131;1203481
2132;6844440
2133;18244842
2134;1528040
2135;2569350
2136;1249871
2137;1558582
2138;3269400
2139;658162
2140;2487588
2141;2502635
2142;3313823
2143;1553068
2144;3574116
2145;2534510
2146;10045770
2147;1652730
2148;4343637
2149;2009972
2150;2513190
2151;4462769
2152;2261650
2153;2324341
2154;2823310
2155;3273655
2156;3645200
2157;3570500
2158;7232033
2159;4104500
2160;1526266
2161;1163054
2162;3067063
2163;1108005
2164;2501175
2165;3190015
2166;1265670
2167;3846620
2168;4855370
2169;1395438
2170;2261940
2171;1024460
2172;2874066
2173;2070533
2174;7715614
2175;1921966
2176;2452094
2177;1621955
2178;3090716
2179;3179900
2180;3000684
2181;3807680
2182;14449809
2183;2994628
2184;2234950
2185;2565733
2186;1510600
2187;1231980
2188;2901192
2189;1237372
2190;5634222
2191;3119161
2192;4952369
2193;2149061
2194;2700693
2195;2231006
2196;3352757
2197;3257215
2198;2586116
2199;3868037
2200;1771908
2201;1244081
2202;2620746
2203;2146300
2204;4956706
2205;7460433
2206;5796606
2207;6465891
2208;2124890
2209;2454700
2210;4275281
2211;1884740
2212;1832741
2213;3460925
2214;1085190
2215;512960
2216;2347785
2217;2610700
2218;3790890
2219;1150266
2220;11359506
2221;3513064
2222;14885557
2223;2316560
2224;1852981
2225;2433292
2226;3056918
2227;1778145
2228;2064136
2229;2753638
2230;491514
2231;3006040
2232;1261000
2233;1444837
2234;2314018
2235;3771250
2236;3094200
2237;4190157
2238;2895566
2239;1768750
2240;3478431
2241;8312893
2242;2205811
2243;4847500
2244;3661042
2245;2136800
2246;4101216
2247;1923937
2248;1783825
2249;6813055
2250;1429423
2251;3057336
2252;2953450
2253;5023316
2254;2090218
2255;1217678
2256;40388
2257;8758280
2258;2722856
2259;3132126
2260;1749194
2261;4136208
2262;4066483
2263;3377663
2264;3368294
2265;3005030
2266;591225
2267;2291633
2268;2361130
2269;5062407
2270;1734340
2271;2058111
2272;1886900
2273;993809
2274;1893463
2275;5300184
2276;4312975
2277;1990900
2278;2882776
2279;2970573
2280;2386721
2281;1445455
2282;1458113
2283;2531983
2284;436318
2285;3426046
2286;1991871
2287;2983420
2288;4742400
2289;1037575
2290;1296030
2291;2717185
2292;2873423
2293;3878360
2294;1918381
2295;2471450
2296;2119013
2297;2156580
2298;2032062
2299;2776981
2300;2332555
2301;3022260
2302;1975860
2303;2913553
2304;3025481
2305;3242613
2306;2753450
2307;8871361
2308;2897630
2309;3335280
2310;987925
2311;2424383
2312;5568470
2313;1736878
2314;4198541
2315;3175581
2316;2735492
2317;2612537
2318;2718450
2319;2165533
2320;4271072
2321;783614
2322;1701292
2323;4521363
2324;1433266
2325;2116043
2326;2568920
2327;1995011
2328;1777400
2329;2906350
2330;907500
2331;3880718
2332;1275844
2333;2010516
2334;1916333
2335;6809843
2336;1454221
2337;2324404
2338;1380430
2339;1546192
2340;3111725
2341;3352109
2342;2409521
2343;4173190
2344;5029550
2345;4410530
2346;3409183
2347;1845731
2348;2219328
2349;3406747
2350;1057375
2351;2445214
2352;12311784
2353;1056046
2354;1616471
2355;2699318
2356;4103046
2357;1318692
2358;5505435
2359;4839725
2360;4436950
2361;3432330
2362;1238270
2363;5651600
2364;2717012
2365;4200157
2366;2465407
2367;3460228
2368;3687614
2369;2968410
2370;663700
2371;1749720
2372;2634461
2373;3208760
2374;2921583
2375;3334511
2376;5837721
2377;2969923
2378;1905530
2379;2105373
2380;1233020
2381;1756090
2382;3872627
2383;2695527
2384;1639729
2385;2904442
2386;3503800
2387;1310550
2388;6312268
2389;2907014
2390;2190041
2391;1650977
2392;1428000
2393;5342650
2394;5929870
2395;2546971
2396;1910118
2397;4677800
2398;2017408
2399;829280
2400;5598569
2401;846850
2402;2738288
2403;4759925
2404;1029257
2405;1349944
2406;4057371
2407;11975
2408;3804788
2409;2729433
2410;3072484
2411;2988720
2412;1344400
2413;1995625
2414;2606361
2415;2207322
2416;2366433
2417;1560358
2418;2994536
2419;2132762
2420;3587757
2421;11793
2422;1834507
2423;2339025
2424;4918510
2425;1582893
2426;979125
2427;1581820
2428;2752764
2429;1696283
2430;1467710
2431;8868275
2432;2063094
2433;4005520
2434;2409661
2435;2696533
2436;1664515
2437;1373170
2438;3065266
2439;3028158
2440;1292325
2441;2647270
2442;1618169
2443;3958047
2444;4858926
2445;3236045
2446;2988760
2447;3270214
2448;3655727
2449;3071350
2450;2433826
2451;1326963
2452;3366705
2453;1640171
2454;3887084
2455;3508871
2456;1290363
2457;3194428
2458;3974160
2459;2209372
2460;3265658
2461;4898100
2462;2208956
2463;2130950
2464;7592590
2465;9740580
2466;2715820
2467;1259285
2468;2298309
2469;3508536
2470;2399205
2471;4889735
2472;3098456
2473;2544069
2474;1238645
2475;2997721
2476;604000
2477;3671618
2478;934120
2479;2024207
2480;1823911
2481;3237425
2482;2678145
2483;1116763
2484;1693790
2485;3280988
2486;777466
2487;2748692
2488;1021837
2489;1774388
2490;1855490
2491;6213284
2492;2493400
2493;1442650
2494;7936772
2495;3633907
2496;1753725
2497;2881555
2498;2400271
2499;16508978
2500;3216963
2501;1797800
2502;471954
2503;4768907
2504;2523137
2505;2210450
2506;1736718
2507;4003800
2508;7735963
2509;1975813
2510;2678787
2511;1754942
2512;2193978
2513;1676960
2514;3106140
2515;1618427
2516;19145328
2517;2181015
2518;1602430
2519;4220660
2520;1477063
2521;4494290
2522;3026715
2523;1296118
2524;5824173
2525;3708373
2526;2823036
2527;6345704
2528;959306
2529;2197222
2530;2392660
2531;3012706
2532;5160975
2533;5989437
2534;2737087
2535;3581044
2536;1179685
2537;1140845
2538;1867783
2539;3050862
2540;2077513
2541;909916
2542;2157560
2543;2777678
2544;3238050
2545;2781162
2546;2089271
2547;525287
2548;4212936
2549;2872170
2550;3131300
2551;2113211
2552;1295181
2553;774490
2554;3899163
2555;10632860
2556;1435107
2557;5010771
2558;3270364
2559;6651875
2560;8838675
2561;2434254
2562;2188057
2563;3477428
2564;1966600
2565;2581636
2566;3622191
2567;2977125
2568;2885200
2569;1955540
2570;4748305
2571;3979000
2572;1546786
2573;2894650
2574;4107200
2575;2443870
2576;5724892
2577;3364006
2578;1810842
2579;845707
2580;2689440
2581;13633
2582;3672954
2583;3743384
2584;1542106
2585;3008571
2586;1911140
2587;4315988
2588;618380
2589;2219571
2590;3456810
2591;1680962
2592;3928535
2593;2084646
2594;1518844
2595;5454830
2596;1743820
2597;3613882
2598;2552950
2599;1950988
2600;2235606
2601;2113188
2602;9938860
2603;9457328
2604;2898546
2605;1176300
2606;3381057
2607;3708254
2608;10182153
2609;3222080
2610;12392
2611;2708533
2612;1084092
2613;10233
2614;866230
2615;2022015
2616;5333987
2617;1035380
2618;3432400
2619;2255693
2620;2793080
2621;3077511
2622;2110600
2623;2823758
2624;1927600
2625;6614128
2626;2089456
2627;4381580
2628;2058413
2629;3572030
2630;4542114
2631;3263726
2632;4262446
2633;2595062
2634;3492987
2635;3775418
2636;2047610
2637;1629584
2638;3043566
2639;4748792
2640;12100
2641;7939325
2642;1449408
2643;1613640
2644;1335117
2645;3209891
2646;6834833
2647;3242860
2648;788014
2649;3789675
2650;4164985
2651;1872712
2652;3579375
2653;3367160
2654;2188181
2655;1810090
2656;2661361
2657;2207975
2658;3237900
2659;1157944
2660;3024477
2661;3061842
2662;5476666
2663;2486118
2664;4356664
2665;3211509
2666;1007360
2667;4611141
2668;5468970
2669;2328587
2670;1848072
2671;3135743
2672;4744870
2673;3324183
2674;5621440
2675;2905778
2676;2906966
2677;1517530
2678;2997330
2679;4035563
2680;4082816
2681;10320066
2682;1656822
2683;4417635
2684;5994284
2685;7618370
2686;2565125
2687;3093861
2688;4869600
2689;3189412
2690;8180933
2691;4625663
2692;10092264
2693;2377680
2694;2688833
2695;1643363
2696;5170372
2697;5454221
2698;2452235
2699;704109
2700;11340481
2701;6955325
2702;4817141
2703;5373771
2704;3811945
2705;2510018
2706;442610
2707;9497562
2708;6313069
2709;2369887
2710;2650550
2711;3910911
2712;2559280
2713;7394075
2714;3474284
2715;10666
2716;8533158
2717;793525
2718;4856341
2719;9452820
2720;3211500
2721;1516675
2722;3579250
2723;2451918
2724;1276870
2725;4672714
2726;2951525
2727;3863645
2728;9140150
2729;6558886
2730;3001736
2731;2001300
2732;1580662
2733;3017661
2734;3299242
2735;2895356
2736;1507142
2737;1875846
2738;3398640
2739;1702714
2740;5797160
2741;3428954
2742;4089623
2743;2237120
2744;2145341
2745;10802366
2746;6671768
2747;3868836
2748;1221253
2749;3896880
2750;3999266
2751;6053783
2752;1595680
2753;1791554
2754;2996810
2755;4154436
2756;5039114
2757;2884128
2758;3192342
2759;1505555
2760;4775250
2761;5410621
2762;10215181
2763;2687133
2764;1500640
2765;1756282
2766;2961236
2767;2902011
2768;2411314
2769;3628170
2770;3086900
2771;1507740
2772;5808012
2773;3596185
2774;3318560
2775;4730918
2776;2631085
2777;4489211
2778;3020418
2779;4563587
2780;3039223
2781;2875412
2782;3086000
2783;14093763
2784;5862845
2785;2347906
2786;2035055
2787;3154463
2788;1094941
2789;2607047
2790;2955622
2791;3462700
2792;6914988
2793;2683400
2794;3590375
2795;6416783
2796;2083446
2797;1236966
2798;1601992
2799;2884187
2800;2388568
2801;1308360
2802;4724720
2803;2453590
2804;6901007
2805;2756604
2806;1858963
2807;2112850
2808;4014700
2809;2281375
2810;2981760
2811;3562911
2812;3449000
2813;5586892
2814;3004127
2815;2026716
2816;1699028
2817;2698030
2818;3499566
2819;2157161
2820;4370000
2821;2769825
2822;1880792
2823;2217442
2824;2100946
2825;1876913
2826;831750
2827;3789781
2828;19675180
2829;2240470
2830;1385500
2831;1841612
2832;1825666
2833;2809190
2834;4410311
2835;3918572
2836;4056344
2837;1690400
2838;2900690
2839;3348057
2840;3987350
2841;4138463
2842;3577225
2843;3426572
2844;7376918
2845;1505183
2846;4224300
2847;3048335
2848;2931409
2849;3058811
2850;5529080
2851;2502350
2852;2172823
2853;2909300
2854;2274183
2855;1431180
2856;2842207
2857;1549520
2858;16670950
2859;2688223
2860;2852410
2861;2092220
2862;4217300
2863;2365008
2864;2401230
2865;4119650
2866;3451100
2867;4147918
2868;2961957
2869;4958716
2870;2675354
2871;2242955
2872;4109535
2873;4138369
2874;4597090
2875;1525138
2876;5255030
2877;2937613
2878;2157875
2879;13759116
2880;4277535
2881;2148006
2882;1253907
2883;2727450
2884;2441366
2885;8248487
2886;8217925
2887;3920133
2888;2883664
2889;3128314
2890;1619510
2891;3729323
2892;2357400
2893;13375
2894;1858733
2895;3442087
2896;3811588
2897;2160883
2898;1393422
2899;1525000
2900;1738725
2901;2077983
2902;3597375
2903;6404506
2904;1914677
2905;4068366
2906;3619650
2907;3646123
2908;1376222
2909;13281411
2910;3155300
2911;1247172
2912;4807454
2913;3155633
2914;1726570
2915;2090783
2916;4561915
2917;5368471
2918;2153263
2919;3761725
2920;3096035
2921;1805636
2922;3392245
2923;2337243
2924;7164990
2925;17958237
2926;2326187
2927;7820483
2928;2483981
2929;4209187
2930;1620350
2931;14031315
2932;11432566
2933;3372466
2934;4651500
2935;4184091
2936;10879400
2937;2216140
2938;7353446
2939;3029854
2940;3456433
2941;8018333
2942;1351620
2943;939664
2944;2905337
2945;6393386
2946;2555621
2947;3132877
2948;2157080
2949;6151164
2950;3145411
2951;4131100
2952;845833
2953;2467566
2954;1473714
2955;2215171
2956;7888856
2957;4524163
2958;2860576
2959;5119500
2960;2404200
2961;2737811
2962;3047640
2963;2417291
2964;1870577
2965;1785737
2966;4367680
2967;4119040
2968;4722425
2969;6066133
2970;2677612
2971;2390275
2972;6545071
2973;2760146
2974;4032040
2975;2588468
2976;3287287
2977;3197388
2978;1606561
2979;3477022
2980;3887100
2981;3617946
2982;2922980
2983;3522215
2984;9468675
2985;1668185
2986;3759731
2987;2233854
2988;3632984
2989;3692860
2990;3526557
2991;3019350
2992;1970642
2993;2998927
2994;3970777
2995;1688663
2996;4423933
2997;4274650
2998;7004360
2999;3146360
3000;3453285
3001;5292266
3002;2901078
3003;5826600
3004;2368766
3005;4409810
3006;3755700
3007;2888270
3008;3824142
3009;1733553
3010;3853986
3011;2615841
3012;1356544
3013;6898325
3014;4409375
3015;3480814
3016;2589923
3017;3121244
3018;4407091
3019;4071200
3020;9696737
3021;5900611
3022;2555300
3023;3809933
3024;8719687
3025;10994080
3026;4499800
3027;4618500
3028;2386430
3029;2307190
3030;3979964
3031;7688971
3032;2883193
3033;2278300
3034;4012850
3035;1909600
3036;8676660
3037;2880037
3038;2691562
3039;2106944
3040;3447468
3041;2372875
3042;4218984
3043;2844683
3044;2247740
3045;9330164
3046;22954590
3047;2004700
3048;2195713
3049;8491816
3050;3788413
3051;1755750
3052;3003858
3053;3240683
3054;2812230
3055;290429
3056;3951900
3057;1647257
3058;3197611
3059;4520327
3060;1272981
3061;4407110
3062;2358044
3063;2073835
3064;3101600
3065;4084588
3066;4319673
3067;3519183
3068;3251828
3069;2251186
3070;1013000
3071;664887
3072;4578677
3073;3914533
3074;2195500
3075;1973600
3076;4342180
3077;3852772
3078;2378300
3079;1658716
3080;2133130
3081;4990733
3082;6482300
3083;5036080
3084;1686300
3085;3186184
3086;2221560
3087;2230129
3088;1437630
3089;2208100
3090;5693475
3091;2081933
3092;3103581
3093;2822633
3094;3242255
3095;1540628
3096;3046561
3097;9357907
3098;5593300
3099;4272890
3100;4647476
3101;2492807
3102;7921018
3103;2872690
3104;2804866
3105;7614557
3106;2923791
3107;3702783
3108;7135000
3109;1233850
3110;2535353
3111;423130
3112;15905061
3113;3407816
3114;2325450
3115;3004593
3116;4686426
3117;2959375
3118;3586609
3119;2161308
3120;3808307
3121;2433992
3122;5267712
3123;7217700
3124;2148657
3125;499623
3126;4372529
3127;3095740
3128;1948588
3129;1929857
3130;2394233
3131;2946680
3132;3701190
3133;3484990
3134;4148083
3135;3740730
3136;4127244
3137;2082391
3138;7208181
3139;3072320
3140;2311283
3141;2957538
3142;3808814
3143;6433925
3144;4124142
3145;2204400
3146;16184233
3147;1844161
3148;3756328
3149;1623342
3150;2338478
3151;9881482
3152;2911880
3153;3730716
3154;2997313
3155;3186975
3156;2257377
3157;4343450
3158;2103062
3159;6884753
3160;6547175
3161;4822650
3162;4486231
3163;4192352
3164;3051347
3165;3660316
3166;2604668
3167;3708030
3168;3908525
3169;3636927
3170;3657042
3171;3983500
3172;3299409
3173;2150495
3174;3725575
3175;4848800
3176;4775271
3177;4930900
3178;2983983
3179;3976816
3180;5477750
3181;3618616
3182;3220675
3183;1671280
3184;2648600
3185;5461254
3186;16048785
3187;2576622
3188;1791381
3189;3511928
3190;4070809
3191;2510811
3192;18339385
3193;9160056
3194;3787106
3195;1800155
3196;4654378
3197;3117208
3198;1723292
3199;2498900
3200;535000
3201;8610320
3202;3535578
3203;2035190
3204;3213850
3205;1240780
3206;3601952
3207;4445761
3208;2257627
3209;3982345
3210;3053141
3211;2617638
3212;2158956
3213;5485155
3214;12857800
3215;2564040
3216;4171707
3217;3454930
3218;2207200
3219;3312030
3220;4863830
3221;2956025
3222;3328920
3223;2741725
3224;3021193
3225;3584610
3226;2534509
3227;2176512
3228;2530700
3229;2671284
3230;3915891
3231;2529258
3232;2899794
3233;8321088
3234;1922750
3235;3872850
3236;10731846
3237;2248693
3238;4685014
3239;3763845
3240;5411400
3241;11686800
3242;5725745
3243;2960514
3244;10444700
3245;2771911
3246;1566400
3247;17276706
3248;2214989
3249;3156900
3250;6619000
3251;9338684
3252;2504222
3253;3628800
3254;6535592
3255;6564854
3256;3795612
3257;2458485
3258;4874666
3259;3002153
3260;4691481
3261;14042827
3262;2468172
3263;4051135
3264;2328420
3265;1711866
3266;2497391
3267;4295292
3268;3360754
3269;1638261
3270;1667135
3271;2234563
3272;3282500
3273;1106958
3274;5481990
3275;2894775
3276;7280566
3277;13047350
3278;3691281
3279;2927163
3280;4568860
3281;2614388
3282;2512400
3283;10146780
3284;2888207
3285;6269446
3286;3791061
3287;4384406
3288;10971075
3289;3549885
3290;4576135
3291;4469900
3292;14567436
3293;3039191
3294;5593800
3295;2505872
3296;8002533
3297;3160729
3298;4348660
3299;3596387
3300;2302800
3301;3284033
3302;2182893
3303;3708066
3304;6225900
3305;4565584
3306;5532620
3307;1957309
3308;5947508
3309;5359831
3310;3971843
3311;2357457
3312;2308644
3313;4197830
3314;2419987
3315;2422484
3316;6197394
3317;1902766
3318;3555400
3319;3716680
3320;2807718
3321;11317707
3322;6503812
3323;3207236
3324;1638536
3325;2641362
3326;2579862
3327;4163725
3328;6631468
3329;3049800
3330;3110978
3331;3823590
3332;13479872
3333;3575766
3334;4069933
3335;2416070
3336;3401926
3337;2835522
3338;2826961
3339;1599837
3340;14900
3341;4975711
3342;3467464
3343;1163507
3344;1959718
3345;2889788
3346;5055316
3347;4667540
3348;6201162
3349;3655442
3350;2478218
3351;3499866
3352;3788906
3353;2675300
3354;11532875
3355;7186111
3356;2913525
3357;3163328
3358;4316314
3359;5516673
3360;4061650
3361;3175736
3362;3715641
3363;2314881
3364;1204011
3365;9209771
3366;26683412
3367;2589670
3368;3808853
3369;3763275
3370;10281300
3371;4210190
3372;20386475
3373;4208691
3374;4794516
3375;3027864
3376;1707187
3377;12611883
3378;5491950
3379;4408180
3380;1530586
3381;5423053
3382;3528914
3383;5788269
3384;2936600
3385;8651410
3386;3766336
3387;2427190
3388;2682731
3389;7342977
3390;2831400
3391;2715564
3392;2941953
3393;98745866
3394;2573509
3395;2804660
3396;4660177
3397;2352250
3398;4467611
3399;3150554
3400;1625657
3401;6257750
3402;2790377
3403;3194272
3404;5483700
3405;3590976
3406;40370814
3407;1853550
3408;3932600
3409;2975512
3410;4788481
3411;6990538
3412;3793370
3413;13118625
3414;2384013
3415;4036083
3416;6604216
3417;3982861
3418;2886842
3419;3364900
3420;4296440
3421;2056962
3422;1598872
3423;3936058
3424;3327575
3425;2899988
3426;3491100
3427;5138233
3428;2372476
3429;3893616
3430;3808892
3431;6285991
3432;4100627
3433;15127750
3434;2506466
3435;5361136
3436;4981414
3437;3487725
3438;3163627
3439;2909691
3440;4646100
3441;3016386
3442;3673118
3443;6900014
3444;2347518
3445;2954300
3446;6722315
3447;4539714
3448;2574580
3449;32720
3450;4038153
3451;3382884
3452;2595578
3453;2870825
3454;1312772
3455;2834675
3456;2833673
3457;4029908
3458;10382400
3459;5483700
3460;2500440
3461;3517470
3462;4195450
3463;12883
3464;4278745
3465;3478280
3466;1610271
3467;2304623
3468;6314925
3469;2802662
3470;2859835
3471;4082033
3472;3719520
3473;3113261
3474;12001050
3475;2517957
3476;4683607
3477;4665009
3478;3586740
3479;2062953
3480;5728321
3481;3233750
3482;10374620
3483;4638600
3484;2228237
3485;2850600
3486;11208736
3487;5903490
3488;3691022
3489;4420436
3490;3720326
3491;3527988
3492;2950728
3493;2716600
3494;5604716
3495;12589980
3496;2298972
3497;2531156
3498;4291209
3499;856550
3500;3690741
3501;5362041
3502;1585575
3503;3567271
3504;13803333
3505;13482581
3506;2968225
3507;5352591
3508;5970827
3509;3829461
3510;5262680
3511;3663514
3512;2410650
3513;3466538
3514;4139346
3515;4048478
3516;5228471
3517;4486755
3518;14186946
3519;24914268
3520;4943023
3521;2676533
3522;3289976
3523;27569320
3524;4295578
3525;3411113
3526;2167050
3527;3306341
3528;666977
3529;3508070
3530;3676392
3531;4779187
3532;4922450
3533;4001975
3534;2191478
3535;10646321
3536;2981184
3537;2553937
3538;2276000
3539;3719329
3540;12519090
3541;3463136
3542;5451637
3543;8693794
3544;4474288
3545;2935357
3546;2301550
3547;4169969
3548;7970333
3549;3226637
3550;4936880
3551;6861678
3552;5353558
3553;2690777
3554;3811181
3555;2499478
3556;5825156
3557;1690814
3558;3320213
3559;16531266
3560;4329888
3561;2360400
3562;9492800
3563;2246033
3564;3001953
3565;3674175
3566;2884281
3567;7646840
3568;2819341
3569;3758433
3570;1941100
3571;2877272
3572;727966
3573;7067457
3574;5290454
3575;11645058
3576;5516625
3577;3400188
3578;4114927
3579;2875725
3580;4491680
3581;8604327
3582;7511973
3583;6750075
3584;2398223
3585;9473227
3586;3770123
3587;5511320
3588;3160362
3589;5253207
3590;2087946
3591;4022300
3592;3571100
3593;2716400
3594;3772555
3595;5304435
3596;3421635
3597;3732833
3598;10988420
3599;4970860
3600;3226916
3601;2367494
3602;20009500
3603;12231591
3604;3078333
3605;3748044
3606;3502361
3607;3401560
3608;3799450
3609;3441800
3610;3419515
3611;4301172
3612;4600837
3613;3704340
3614;2657316
3615;3657430
3616;4479290
3617;2759111
3618;3979860
3619;3555483
3620;1937220
3621;2367845
3622;7413500
3623;3638858
3624;1974727
3625;2514158
3626;2710200
3627;6937636
3628;4446130
3629;3654853
3630;5139491
3631;4196587
3632;3973236
3633;3118350
3634;4469433
3635;4563350
3636;5410245
3637;5443830
3638;4378050
3639;5612922
3640;2176030
3641;3790225
3642;4582581
3643;4426330
3644;5298266
3645;3136231
3646;8556007
3647;4911100
3648;3102920
3649;3700071
3650;14576566
3651;3100738
3652;2799030
3653;4263540
3654;2721110
3655;3617475
3656;3903057
3657;3192800
3658;5385761
3659;3510700
3660;8079060
3661;21052946
3662;2785469
3663;4822833
3664;3679920
3665;4906322
3666;4883026
3667;4834654
3668;10089892
3669;3890566
3670;4231937
3671;3705333
3672;6114180
3673;2914600
3674;3826255
3675;5319170
3676;3327781
3677;4158384
3678;15536153
3679;3781636
3680;6129225
3681;21623906
3682;3094366
3683;3684444
3684;2267222
3685;16087780
3686;3114286
3687;3461280
3688;3125245
3689;4642037
3690;8329609
3691;4948445
3692;1374476
3693;2737937
3694;9692228
3695;6018171
3696;5903527
3697;4957460
3698;13602500
3699;12080
3700;4681600
3701;2214600
3702;2878893
3703;5343780
3704;3237511
3705;3068705
3706;4650527
3707;4528177
3708;4875225
3709;2035944
3710;6084140
3711;12790145
3712;1832477
3713;4750029
3714;3530536
3715;5526769
3716;4781966
3717;6828588
3718;3605733
3719;10237762
3720;3556160
3721;3841183
3722;3436400
3723;10449040
3724;3252150
3725;4076218
3726;3755677
3727;3763325
3728;4150486
3729;13697000
3730;9878714
3731;4078888
3732;2818472
3733;13629890
3734;17383200
3735;7496644
3736;2765184
3737;4144700
3738;5009911
3739;4241171
3740;6895416
3741;5182840
3742;2067590
3743;3987842
3744;2381640
3745;2842585
3746;20701141
3747;8565710
3748;1723187
3749;8625062
3750;3575687
3751;9939326
3752;4334244
3753;33277613
3754;965277
3755;5033620
3756;1673300
3757;3436225
3758;3852960
3759;14106560
3760;3678692
3761;6265540
3762;3653116
3763;5424514
3764;4387789
3765;4533858
3766;5402523
3767;8013288
3768;4404577
3769;10777312
3770;4150372
3771;17983814
3772;3979053
3773;7125209
3774;3774016
3775;3049547
3776;2805144
3777;2710228
3778;3962262
3779;2886133
3780;3429291
3781;1724753
3782;2909345
3783;4839418
3784;5536110
3785;9545325
3786;6352222
3787;2875222
3788;2990110
3789;4939400
3790;8710991
3791;3005700
3792;4051877
3793;3088258
3794;5830236
3795;24032650
3796;2970300
3797;3190616
3798;4306425
3799;23428775
3800;4304487
3801;3712946
3802;17426142
3803;4656026
3804;3208436
3805;3093875
3806;10092566
3807;51597666
3808;3898628
3809;3100777
3810;7207966
3811;3345166
3812;3837586
3813;3896446
3814;3883820
3815;2820320
3816;11413288
3817;4181790
3818;4209577
3819;3440866
3820;4072138
3821;3636909
3822;5328644
3823;4751213
3824;3070318
3825;2688866
3826;14976366
3827;11876825
3828;4634330
3829;5166527
3830;3863020
3831;3648975
3832;2240800
3833;4017726
3834;7610938
3835;7406633
3836;26657545
3837;31912088
3838;2376153
3839;4203446
3840;4634423
3841;4646263
3842;5037114
3843;3840833
3844;4482228
3845;35432045
3846;15136861
3847;4780280
3848;17138170
3849;8700966
3850;20425242
3851;4769757
3852;3903935
3853;3384700
3854;3916022
3855;902075
3856;2393970
3857;9813272
3858;4996950
3859;4590810
3860;50842112
3861;3719172
3862;11931020
3863;3539500
3864;2971692
3865;5606723
3866;2547253
3867;3352833
3868;4169822
3869;4098060
3870;3889533
3871;4028863
3872;1248625
3873;14385625
3874;8647235
3875;4305542
3876;2844383
3877;5913966
3878;11177746
3879;3282771
3880;3796636
3881;4391236
3882;4480020
3883;3632413
3884;4499412
3885;2188981
3886;2333506
3887;870533
3888;4204090
3889;4234005
3890;4823453
3891;4566630
3892;8225876
3893;5511109
3894;2678175
3895;8558888
3896;3279466
3897;4491340
3898;4846356
3899;11215618
3900;3740790
3901;4318713
3902;7103194
3903;6006500
3904;2776260
3905;3818709
3906;3416345
3907;8105709
3908;3959783
3909;2381972
3910;3518242
3911;3251733
3912;1703345
3913;4245218
3914;37671037
3915;5162600
3916;16091627
3917;3789653
3918;3707675
3919;13506463
3920;2026180
3921;3141495
3922;3755333
3923;4031566
3924;4859750
3925;4887300
3926;1621533
3927;6171985
3928;4758788
3929;5005500
3930;5319235
3931;2853150
3932;1955330
3933;5070583
3934;1983861
3935;3576142
3936;23002600
3937;6301354
3938;5489930
3939;3625500
3940;3788930
3941;6651353
3942;6156200
3943;5188800
3944;3059728
3945;5009644
3946;3911770
3947;8160906
3948;4582585
3949;4077814
3950;4245855
3951;4443916
3952;6218376
3953;4451255
3954;1444288
3955;4664821
3956;3551533
3957;2928863
3958;2298928
3959;32765657
3960;3976500
3961;3459907
3962;5029420
3963;13956166
3964;3716861
3965;4759336
3966;2987183
3967;6589800
3968;4021440
3969;4539428
3970;2206825
3971;14555714
3972;7292261
3973;4167437
3974;2786466
3975;5255654
3976;41868757
3977;10890891
3978;4968178
3979;3900335
3980;42642728
3981;4476528
3982;5810400
3983;51540487
3984;7905527
3985;5275587
3986;4715200
3987;2562450
3988;94093962
3989;3510918
3990;11138390
3991;4211481
3992;5810908
3993;3332137
3994;4033925
3995;3085954
3996;3608060
3997;4085680
3998;2565450
3999;5389650
4000;2537487
4001;3595190
4002;10759726
4003;17983108
4004;41571975
4005;4381213
4006;4074710
4007;4523714
4008;3853773
4009;4915563
4010;2865964
4011;5120060
4012;3825987
4013;18589327
4014;4026200
4015;4118053
4016;5618975
4017;23566863
4018;4104240
4019;4367354
4020;4385540
4021;2302483
4022;7948685
4023;9231233
4024;3161833
4025;3082716
4026;2504600
4027;3940641
4028;3038653
4029;6799330
4030;2062916
4031;3774635
4032;5441950
4033;4508164
4034;3483933
4035;4041918
4036;5329772
4037;3187783
4038;2289618
4039;2063778
4040;3145466
4041;3269125
4042;39783077
4043;3161553
4044;5403878
4045;4552310
4046;3755490
4047;4306938
4048;3313400
4049;7687700
4050;4166738
4051;3698766
4052;4146823
4053;4490320
4054;2113777
4055;10832461
4056;4114950
4057;20789800
4058;24569876
4059;4269662
4060;11389893
4061;4073563
4062;3458675
4063;5176180
4064;16381000
4065;3835641
4066;3138922
4067;5752933
4068;34278609
4069;5460620
4070;38971657
4071;5244650
4072;13120166
4073;7142526
4074;8286433
4075;4656042
4076;4179720
4077;4684966
4078;9685109
4079;4110483
4080;3334400
4081;2964237
4082;16961709
4083;4580109
4084;7527080
4085;3388653
4086;6808100
4087;8355278
4088;3402458
4089;3613000
4090;5411900
4091;6860784
4092;3868009
4093;41938555
4094;5274255
4095;6424200
4096;3888033
4097;2481433
4098;3409318
4099;21066778
4100;3850145
4101;4540011
4102;9189523
4103;6860327
4104;2589518
4105;5479000
4106;4664450
4107;4700030
4108;6041155
4109;5608607
4110;4338108
4111;4959866
4112;4009312
4113;15033827
4114;4008087
4115;3078355
4116;4727608
4117;4325633
4118;3268037
4119;42881130
4120;3163345
4121;5350869
4122;6653381
4123;4211620
4124;3782246
4125;4629212
4126;4244018
4127;7789489
4128;3539166
4129;6812362
4130;4272475
4131;6157950
4132;14964185
4133;5427938
4134;4082700
4135;8120910
4136;4463641
4137;3626454
4138;5923440
4139;5326071
4140;4507155
4141;6399990
4142;5080042
4143;2460160
4144;3115816
4145;4130742
4146;4229733
4147;6481383
4148;3692000
4149;2464629
4150;8848716
4151;6310100
4152;6698720
4153;3099312
4154;3490000
4155;4140100
4156;2680270
4157;3414009
4158;3635081
4159;2571586
4160;4544975
4161;40192627
4162;4600384
4163;4386150
4164;4258680
4165;3201629
4166;11185180
4167;3538733
4168;3930581
4169;4787057
4170;13383406
4171;7095677
4172;53049200
4173;15005610
4174;6118046
4175;39523370
4176;4448840
4177;64370277
4178;5197866
4179;4951335
4180;5263257
4181;1040800
4182;4092300
4183;4157280
4184;2444633
4185;3926069
4186;5510630
4187;4610000
4188;2477076
4189;4747145
4190;4674693
4191;4725466
4192;6294414
4193;3155362
4194;3611783
4195;5620060
4196;2946811
4197;23195788
4198;3611793
4199;3617135
4200;10760875
4201;15124742
4202;3228000
4203;6561433
4204;4460121
4205;3061442
4206;2586850
4207;4751208
4208;3230628
4209;5045292
4210;4673890
4211;11240346
4212;8765125
4213;4066680
4214;4999125
4215;4844200
4216;3115790
4217;4816437
4218;4341457
4219;6059166
4220;4481920
4221;68301633
4222;4994115
4223;4821261
4224;5421500
4225;4396430
4226;3018207
4227;7504600
4228;14088922
4229;5244075
4230;5645676
4231;14041250
4232;5338680
4233;3384927
4234;3750016
4235;4390636
4236;6066214
4237;4895933
4238;17335520
4239;5317950
4240;15654033
4241;2615592
4242;4026194
4243;3060121
4244;2868593
4245;4630058
4246;7145183
4247;5977785
4248;4226090
4249;4278466
4250;4167670
4251;5329441
4252;3211035
4253;39436629
4254;33578000
4255;2519276
4256;16275992
4257;2841561
4258;5683320
4259;3427581
4260;4566471
4261;21903490
4262;5709009
4263;4418233
4264;4116866
4265;6032250
4266;17912092
4267;4285016
4268;3304300
4269;4064720
4270;9909336
4271;2604800
4272;1579285
4273;3658237
4274;6131860
4275;2507000
4276;5800044
4277;6480594
4278;1690615
4279;4280638
4280;4052385
4281;5497125
4282;25806788
4283;53746333
4284;5734400
4285;3732458
4286;4789985
4287;6459891
4288;4615460
4289;3731766
4290;7383846
4291;5463271
4292;37838357
4293;5669430
4294;8137488
4295;4401400
4296;4335388
4297;3860950
4298;969333
4299;4811318
4300;5083952
4301;5353762
4302;12058700
4303;5140070
4304;7558090
4305;3671544
4306;4897154
4307;3317260
4308;5703342
4309;7073591
4310;22743372
4311;5825042
4312;4913428
4313;57702583
4314;3718822
4315;18656543
4316;3927792
4317;5543987
4318;38477150
4319;4605376
4320;10806475
4321;5595116
4322;5973300
4323;2952544
4324;28518156
4325;3718050
4326;3268891
4327;26356842
4328;5993211
4329;5249050
4330;3695460
4331;3050057
4332;3960020
4333;5516472
4334;4536266
4335;4691270
4336;56686805
4337;5782026
4338;1357587
4339;3717254
4340;27646225
4341;5646484
4342;5394540
4343;6070645
4344;50632457
4345;3552026
4346;6435818
4347;3210470
4348;2422980
4349;4652022
4350;37803957
4351;2876271
4352;4400062
4353;5333355
4354;3448136
4355;63474307
4356;48557813
4357;7239072
4358;12037676
4359;5386163
4360;9229400
4361;7220470
4362;4978953
4363;5616185
4364;34058905
4365;18273538
4366;3419158
4367;4336988
4368;12346609
4369;5255923
4370;12484618
4371;6286150
4372;3972050
4373;5832709
4374;6489213
4375;5744793
4376;3930840
4377;5909250
4378;6348000
4379;10208009
4380;4260200
4381;3500846
4382;6276580
4383;9687450
4384;4262818
4385;5292793
4386;41519972
4387;5213187
4388;5422550
4389;5219025
4390;4058833
4391;6408770
4392;6311712
4393;4520077
4394;37882030
4395;3609940
4396;9778576
4397;9448022
4398;2972400
4399;4199607
4400;4879816
4401;5341850
4402;3897641
4403;4489280
4404;2931310
4405;3662700
4406;2893254
4407;81589225
4408;5434227
4409;5863073
4410;16133070
4411;5083587
4412;3500690
4413;3702915
4414;7465617
4415;4579800
4416;7200218
4417;3094420
4418;4722835
4419;4212550
4420;5886976
4421;3553277
4422;7589872
4423;4957017
4424;11072200
4425;3182014
4426;4703435
4427;3614458
4428;8038480
4429;5491190
4430;2773623
4431;3687500
4432;14183933
4433;4575211
4434;4103227
4435;42511080
4436;12164381
4437;2884117
4438;2508760
4439;18798730
4440;3514777
4441;3835520
4442;4197222
4443;4677986
4444;3008333
4445;4934276
4446;10208333
4447;5059200
4448;3275588
4449;4306840
4450;5169980
4451;4998978
4452;4890109
4453;52384953
4454;6030592
4455;4754764
4456;4644716
4457;3458592
4458;43851655
4459;3321362
4460;6366858
4461;6272945
4462;4532623
4463;15634070
4464;2368523
4465;18625807
4466;7733742
4467;5153375
4468;5624790
4469;35887894
4470;19111423
4471;3382500
4472;6012709
4473;4150650
4474;8628700
4475;2596041
4476;4493740
4477;4882505
4478;6848355
4479;3924416
4480;38264911
4481;7393483
4482;10738760
4483;13657688
4484;13322215
4485;3451176
4486;20766440
4487;10236550
4488;4768633
4489;5002281
4490;3467587
4491;4394872
4492;3553616
4493;22935945
4494;4748820
4495;4910953
4496;4737788
4497;8070229
4498;4505342
4499;4222142
4500;3781068
4501;4249700
4502;5472290
4503;7684635
4504;4857280
4505;6106457
4506;10453933
4507;3095540
4508;5108700
4509;4186660
4510;3670600
4511;4355982
4512;8856933
4513;3238250
4514;3046850
4515;4620778
4516;2831262
4517;5118020
4518;4972152
4519;5039128
4520;3816777
4521;7271983
4522;8578125
4523;4540210
4524;11306270
4525;2535418
4526;2748350
4527;4906261
4528;5464171
4529;9369687
4530;5544907
4531;4966871
4532;4728270
4533;7409383
4534;3639963
4535;5337058
4536;3033183
4537;7532560
4538;3349755
4539;5560720
4540;3797627
4541;35154593
4542;4784115
4543;17939390
4544;3706200
4545;6775700
4546;6818107
4547;3759212
4548;4962771
4549;3716757
4550;4759892
4551;8244276
4552;8609976
4553;9967033
4554;3625840
4555;5504212
4556;3540307
4557;5817472
4558;1969608
4559;4800607
4560;5481793
4561;3289976
4562;3940110
4563;4234610
4564;6109961
4565;4536100
4566;6060484
4567;45809930
4568;4360478
4569;5237866
4570;4579980
4571;4700577
4572;5256000
4573;6702846
4574;7528129
4575;1892400
4576;4990736
4577;4247575
4578;52682055
4579;4742271
4580;44091337
4581;6021416
4582;4253330
4583;3861100
4584;28658836
4585;3396475
4586;15829021
4587;4096208
4588;5665650
4589;6582292
4590;3578500
4591;5472380
4592;4631927
4593;4306227
4594;4213369
4595;51265140
4596;41018593
4597;98350466
4598;1909166
4599;4442700
4600;5029890
4601;14586622
4602;3504509
4603;7710255
4604;70389900
4605;79315141
4606;3827727
4607;3296785
4608;5380950
4609;3070550
4610;5784192
4611;23602057
4612;32282650
4613;3021937
4614;3786492
4615;4877607
4616;4171953
4617;2903087
4618;29824935
4619;3951537
4620;2864211
4621;4134555
4622;4806770
4623;3595526
4624;12923376
4625;30406192
4626;4187427
4627;5309688
4628;10257386
4629;4171523
4630;4474493
4631;64572536
4632;3726093
4633;2604815
4634;3954836
4635;1802657
4636;2886146
4637;9475493
4638;5071470
4639;4723969
4640;5439360
4641;4606918
4642;4328316
4643;5530000
4644;7137969
4645;5664333
4646;7433300
4647;5279253
4648;3644733
4649;2856253
4650;4871172
4651;3512172
4652;4796475
4653;27566236
4654;4723514
4655;5591555
4656;7177150
4657;3982081
4658;3987652
4659;4346153
4660;4165550
4661;5164372
4662;14171750
4663;4141145
4664;6817108
4665;5841166
4666;4554186
4667;4326922
4668;4076113
4669;6455900
4670;4417458
4671;2359020
4672;6118873
4673;4426111
4674;5196522
4675;4630772
4676;3116964
4677;3654140
4678;4020066
4679;3175542
4680;3702075
4681;4314808
4682;6391792
4683;4332475
4684;2941940
4685;22710620
4686;5580744
4687;5027700
4688;5085406
4689;3760290
4690;3164056
4691;5334247
4692;4838358
4693;3735338
4694;4492726
4695;16510484
4696;9448607
4697;3989750
4698;3731583
4699;4448655
4700;4410790
4701;5695400
4702;5058655
4703;40084340
4704;3399331
4705;4760446
4706;4377460
4707;3998044
4708;4283500
4709;3068288
4710;41944518
4711;20724030
4712;4763942
4713;8801940
4714;3350414
4715;21070512
4716;3544155
4717;6539513
4718;3338355
4719;19366547
4720;3208694
4721;5785420
4722;4379912
4723;2718760
4724;5522944
4725;4479906
4726;8372280
4727;3792200
4728;5639360
4729;6037742
4730;3954053
4731;6291508
4732;12919700
4733;13219175
4734;33816300
4735;5464570
4736;5320800
4737;26250750
4738;5065462
4739;19560581
4740;5249916
4741;3933033
4742;4298775
4743;69682959
4744;4450083
4745;41018691
4746;5063600
4747;5461335
4748;29732454
4749;4601000
4750;4515920
4751;61418909
4752;73583611
4753;3871750
4754;5246741
4755;5322436
4756;2346828
4757;5356576
4758;5481466
4759;4223493
4760;3798822
4761;2477866
4762;94471300
4763;4384010
4764;6547325
4765;5259220
4766;5324690
4767;3673610
4768;2964090
4769;4889042
4770;5254971
4771;4457208
4772;14273462
4773;4724792
4774;5584025
4775;4155412
4776;2004591
4777;77145276
4778;10569827
4779;27060100
4780;4094612
4781;4718120
4782;4232900
4783;61486440
4784;15279280
4785;3659333
4786;4417457
4787;2179511
4788;42074685
4789;3655152
4790;4244160
4791;4411126
4792;3601590
4793;4238050
4794;5836918
4795;5310053
4796;4422057
4797;4072988
4798;3054900
4799;4282263
4800;10801200
4801;4012114
4802;6987136
4803;8567822
4804;4834450
4805;5214972
4806;11051414
4807;4828764
4808;3290975
4809;3944800
4810;5237675
4811;9980620
4812;4472215
4813;2826011
4814;3750371
4815;2949569
4816;3550525
4817;5401023
4818;5788228
4819;5129869
4820;6199381
4821;4714461
4822;4175466
4823;3264125
4824;3353458
4825;2975890
4826;6038770
4827;5881287
4828;5487520
4829;3103117
4830;4252141
4831;5305335
4832;5715313
4833;4582275
4834;4023030
4835;2850277
4836;8371821
4837;3647777
4838;24554513
4839;4124130
4840;16256200
4841;5474008
4842;3913900
4843;7427100
4844;4625587
4845;5228363
4846;4014800
4847;2958300
4848;5715654
4849;6067670
4850;3339405
4851;170983750
4852;4401663
4853;31331288
4854;4662350
4855;4790933
4856;8984680
4857;4764545
4858;5461377
4859;7816592
4860;4465645
4861;10548123
4862;4154853
4863;3254366
4864;8154075
4865;5681040
4866;4136181
4867;4212485
4868;5086210
4869;3717033
4870;6007462
4871;15983076
4872;4867014
4873;5396057
4874;4337728
4875;14551033
4876;3506221
4877;10857207
4878;6986814
4879;5712618
4880;4385550
4881;5398171
4882;7150608
4883;6517222
4884;5207884
4885;3310690
4886;4218923
4887;4875900
4888;4517366
4889;6152466
4890;2625920
4891;3552300
4892;5362766
4893;5415426
4894;4315908
4895;5205740
4896;7546157
4897;4454018
4898;11395341
4899;6184266
4900;5735340
4901;3418857
4902;6131661
4903;3238152
4904;5195925
4905;7310033
4906;16640080
4907;2759455
4908;25903206
4909;10099962
4910;7473785
4911;50243531
4912;3009030
4913;31776205
4914;5819622
4915;31627035
4916;40886127
4917;4443141
4918;15642888
4919;5423858
4920;4945640
4921;15556894
4922;4136871
4923;4575866
4924;6356240
4925;4812773
4926;6298085
4927;4147500
4928;4161273
4929;3998157
4930;12642184
4931;2694378
4932;3184120
4933;4885750
4934;5377946
4935;4874266
4936;5973166
4937;57695921
4938;4810588
4939;4804438
4940;36312014
4941;4984990
4942;6607800
4943;5542860
4944;5544088
4945;3055800
4946;5591660
4947;9423481
4948;24354358
4949;15928661
4950;19867736
4951;5416177
4952;21276543
4953;3519555
4954;4188644
4955;3891964
4956;34171100
4957;3879446
4958;4924620
4959;3611550
4960;48979982
4961;4441900
4962;6064400
4963;4549853
4964;61948720
4965;6222721
4966;5627446
4967;3943541
4968;5744918
4969;4143385
4970;2780950
4971;15609657
4972;5354321
4973;3207662
4974;5106892
4975;4756030
4976;6874954
4977;1333785
4978;14943728
4979;4955433
4980;12737029
4981;7700781
4982;6889437
4983;2504100
4984;39067193
4985;17371930
4986;17259583
4987;5460053
4988;4747623
4989;13817387
4990;3934725
4991;5584990
4992;27391755
4993;4951771
4994;93154528
4995;4085833
4996;5120708
4997;3744005
4998;59823152
4999;3894607
