0;31093172
1;29560678
2;15012537
3;21960778
4;11742858
5;13163592
6;22857629
7;4088820
8;14837900
9;33214083
10;37017943
11;17499067
12;12286988
13;12451000
14;15334696
15;20802944
16;27356295
17;17525862
18;11088750
19;26268780
20;16248319
21;8517886
22;24500742
23;8650055
24;18518332
25;13541497
26;19216485
27;22329219
28;20162988
29;8702994
30;20428296
31;18952350
32;14521195
33;27371910
34;37735492
35;28477173
36;5772785
37;16702834
38;26734992
39;20077269
40;15955914
41;12586673
42;13850090
43;11427266
44;21304282
45;25868218
46;25332246
47;11568226
48;25095233
49;30960577
50;17560057
51;26935320
52;10056013
53;15567625
54;34806327
55;33307369
56;12439442
57;7488409
58;6893551
59;7968482
60;24808129
61;10034925
62;25097745
63;14218841
64;33649686
65;10082965
66;26171584
67;27642010
68;19134537
69;7961610
70;22977995
71;20145088
72;17143917
73;34908198
74;17138760
75;32954214
76;19467298
77;11488102
78;11316902
79;22809019
80;16052787
81;14528760
82;8620366
83;36382577
84;12744717
85;17872412
86;14052205
87;29176585
88;19759685
89;36907995
90;15305554
91;17979249
92;15712075
93;29449789
94;17175993
95;23818417
96;20680757
97;9768456
98;13026106
99;15628821
100;23292770
101;14433238
102;7068132
103;24087448
104;17249220
105;8886817
106;19200771
107;38354932
108;23463235
109;9774697
110;19441574
111;7762029
112;14959053
113;10280000
114;21094359
115;13716162
116;13982575
117;20067800
118;8463426
119;14143213
120;13476400
121;29532604
122;17655140
123;9459447
124;47568387
125;22927410
126;14173700
127;15691656
128;25750063
129;17138171
130;10533187
131;22062646
132;9303804
133;16449592
134;20875126
135;17151790
136;9199397
137;29763604
138;20775864
139;5768755
140;21432360
141;13316800
142;12714570
143;27379406
144;24866737
145;16718090
146;15306280
147;36775184
148;24300329
149;12156123
150;34716223
151;20729313
152;17168568
153;31449473
154;22935273
155;14976469
156;18159646
157;10447132
158;18268287
159;17192048
160;14223320
161;17070155
162;32705354
163;24524431
164;26229662
165;16722353
166;22103729
167;6276032
168;22322379
169;28449982
170;10500062
171;29993473
172;13980367
173;22231373
174;14475617
175;25796629
176;11607083
177;19635458
178;48476818
179;10485576
180;17169823
181;11841684
182;7798144
183;19009372
184;24023176
185;28464318
186;25397620
187;11853644
188;5439534
189;10611073
190;15642626
191;6742997
192;36520051
193;16463787
194;28652124
195;14872487
196;42421341
197;14696586
198;21325165
199;21402795
200;10876504
201;19344860
202;43630493
203;28485972
204;4800212
205;15649394
206;34478050
207;14462512
208;23180137
209;14818150
210;25323260
211;8761148
212;33501802
213;26823663
214;11222286
215;10474614
216;19520290
217;10511871
218;22360646
219;13708035
220;6365967
221;8705362
222;19885440
223;22675375
224;6953534
225;22808849
226;19774982
227;13583561
228;17905200
229;7250410
230;15551415
231;14285812
232;39156783
233;7230551
234;12984500
235;24505756
236;14511358
237;12773765
238;20209676
239;19102781
240;3676309
241;14719105
242;20581754
243;18078600
244;7362127
245;20955889
246;18569326
247;18259338
248;19501688
249;17862514
250;19460602
251;30696295
252;16437756
253;17014275
254;13938269
255;21832457
256;48065932
257;19990016
258;9128175
259;12784193
260;8307315
261;13266416
262;42964213
263;11035420
264;12515184
265;12341351
266;13585712
267;3934752
268;15773017
269;19147960
270;11759110
271;18514331
272;20236984
273;14379275
274;13503465
275;8494031
276;20706284
277;13984914
278;27888861
279;21866106
280;9722967
281;26161088
282;8496386
283;14999238
284;14937030
285;17939912
286;22100292
287;18243704
288;12347703
289;12980658
290;21840950
291;26218795
292;22748881
293;28704065
294;15054580
295;26692019
296;5317913
297;10913470
298;19445485
299;21941533
300;29885697
301;20578011
302;20990968
303;19675991
304;9973739
305;26850523
306;27122513
307;11115173
308;21910353
309;25937935
310;19183425
311;18367153
312;18770302
313;15937274
314;26854861
315;12165384
316;28422025
317;12001747
318;22485072
319;14115946
320;15763148
321;13137096
322;15013747
323;20618075
324;18621357
325;17927847
326;25367583
327;10028625
328;21458335
329;19451446
330;9653940
331;21168246
332;20542821
333;10610122
334;9278119
335;10632318
336;11087534
337;17931778
338;27055228
339;22831513
340;26470136
341;25006688
342;15223092
343;38103610
344;2450457
345;23411370
346;26469534
347;22909772
348;10953429
349;27978997
350;31314230
351;21547253
352;25865495
353;15298928
354;24430129
355;19908695
356;14277878
357;6545921
358;17043943
359;16881246
360;12051137
361;22836018
362;16442395
363;11199260
364;17500556
365;27654540
366;32398232
367;19846448
368;13418674
369;23239578
370;15716428
371;18624132
372;29882727
373;4732455
374;28239818
375;22375930
376;14752643
377;36829756
378;19336807
379;22657489
380;29845605
381;10438471
382;28017090
383;21977506
384;14702402
385;17971962
386;19907106
387;22664133
388;20471232
389;24629502
390;8865659
391;18332394
392;13590216
393;24884220
394;25777876
395;13829675
396;12835732
397;11957763
398;14210686
399;20219551
400;7741831
401;13755628
402;19996342
403;28558841
404;20784453
405;8897864
406;36147695
407;15294772
408;27869090
409;9473480
410;18608213
411;19468932
412;3720015
413;35914674
414;21934460
415;15628306
416;17145940
417;10578782
418;9335790
419;42419160
420;4824845
421;15807772
422;5827838
423;11090586
424;15788405
425;24868087
426;17486217
427;13733958
428;31663634
429;8513702
430;10214858
431;14580776
432;19498486
433;8614454
434;5432653
435;17800817
436;33843647
437;33758335
438;24309405
439;23563426
440;8397657
441;27923521
442;12756167
443;21913741
444;29302177
445;22041181
446;22481223
447;12656916
448;26056263
449;10397273
450;23253633
451;14331175
452;15132191
453;17532256
454;17771958
455;15319892
456;9863681
457;19684090
458;11730247
459;9897921
460;18383909
461;11213227
462;31836118
463;28619958
464;6800866
465;27956748
466;23084241
467;27104978
468;10236000
469;23838271
470;7871273
471;23124243
472;13370502
473;12081222
474;22870084
475;29288209
476;12504709
477;16767050
478;26416036
479;15519500
480;15290127
481;54356670
482;31442179
483;14504915
484;7711687
485;26287891
486;17799998
487;28570571
488;18201624
489;21858688
490;7752121
491;26294432
492;14538753
493;14749521
494;26044450
495;16377132
496;10842560
497;19837907
498;20959151
499;20872442
500;7644700
501;19768578
502;12236305
503;14742230
504;11897200
505;34195277
506;17748975
507;13176573
508;20670997
509;19755834
510;20666315
511;18837643
512;27738150
513;9275280
514;5154275
515;21416100
516;16997280
517;32138081
518;22859400
519;20894441
520;22527246
521;26509578
522;14879109
523;11595948
524;15352579
525;17995538
526;11912367
527;42730545
528;9551018
529;18478877
530;14601344
531;28800394
532;13931354
533;18348750
534;9223566
535;9850104
536;12037871
537;10851595
538;22995170
539;14152594
540;12337468
541;10141571
542;13380329
543;9118983
544;30520672
545;12016183
546;18032897
547;13219574
548;20384422
549;19182778
550;18293700
551;8437056
552;7957327
553;20867511
554;48867812
555;17312183
556;16246551
557;10349954
558;6201202
559;10037595
560;9072108
561;13215129
562;8536680
563;16932525
564;29565504
565;20522471
566;30884328
567;31141944
568;27764120
569;15386577
570;10443768
571;20846089
572;21726561
573;11892745
574;16924038
575;21515859
576;23036197
577;42683112
578;15861690
579;4787008
580;13601786
581;19292917
582;31176305
583;5108708
584;18517919
585;20403520
586;10975891
587;13602219
588;21467228
589;23186869
590;13239176
591;10937683
592;13494226
593;13455285
594;19060334
595;18664627
596;23384705
597;28417032
598;22592008
599;27640454
600;31197074
601;20054313
602;18001497
603;5420413
604;25608228
605;19983388
606;41636741
607;19802793
608;34717334
609;8358637
610;11127567
611;9524765
612;21323648
613;8116657
614;19015600
615;15078088
616;3176612
617;10317420
618;10075485
619;19536626
620;21929402
621;15285758
622;12651139
623;8092223
624;19859942
625;17219082
626;25497657
627;13678240
628;16720539
629;4399802
630;31152129
631;13770855
632;34575685
633;25387478
634;14746381
635;20826827
636;18325600
637;14133741
638;12492096
639;17392752
640;25470318
641;29592451
642;11635135
643;19581795
644;19760800
645;24352737
646;16700181
647;23749338
648;28895893
649;16988967
650;12375232
651;10220790
652;21239290
653;21210117
654;13265039
655;13069124
656;14921115
657;14617121
658;9399572
659;17875925
660;19923253
661;15434893
662;6642079
663;27400277
664;9312876
665;15268067
666;32494709
667;13145521
668;12300829
669;25451072
670;11292772
671;15686846
672;12607625
673;10167796
674;33602834
675;15514550
676;24022397
677;16649605
678;13538450
679;29116638
680;13193813
681;56680935
682;10135682
683;13298052
684;13667682
685;18108304
686;25532423
687;10711763
688;24912328
689;14198097
690;12646446
691;20100145
692;23857324
693;7588815
694;14771597
695;15228780
696;18277151
697;17527875
698;19337537
699;16741825
700;34033811
701;26993863
702;7962065
703;22484747
704;19409604
705;14749833
706;32015079
707;28861491
708;23751345
709;12599257
710;19195964
711;30243135
712;34785410
713;12828502
714;12040980
715;9466665
716;17558053
717;16312421
718;6772303
719;18250346
720;17143037
721;15722290
722;13076748
723;19967186
724;9723547
725;8940023
726;28490211
727;19387967
728;32368854
729;17909861
730;14695094
731;11442761
732;7249718
733;34875108
734;18145514
735;12371828
736;10171642
737;30993347
738;30167893
739;37707007
740;16390408
741;16405254
742;19389661
743;35253860
744;15106069
745;22910764
746;6451460
747;20492567
748;13450004
749;8930205
750;29078957
751;9939671
752;9872576
753;9389724
754;23607868
755;18789707
756;29534164
757;14253806
758;22306034
759;20973129
760;14231840
761;14606932
762;10834984
763;12250561
764;17398817
765;16280850
766;12184700
767;16193688
768;22503070
769;34422976
770;20919772
771;17842477
772;14203758
773;18042644
774;12055122
775;16148506
776;16235238
777;31979069
778;13034615
779;17853506
780;11866602
781;21900228
782;9511163
783;9546929
784;10587707
785;16051727
786;22709840
787;34121497
788;37183782
789;40164028
790;16968921
791;26607227
792;11622992
793;8539168
794;30325385
795;19686876
796;12635167
797;18015726
798;7534192
799;22338692
800;8211797
801;16355374
802;18432677
803;36506406
804;16267448
805;20054967
806;9322879
807;17499892
808;27495981
809;10309178
810;14235422
811;19073880
812;19145810
813;8019574
814;31763194
815;22637213
816;12480487
817;7221887
818;22824845
819;8578081
820;30105352
821;45672934
822;37261813
823;26657860
824;46183129
825;15740018
826;34670651
827;10050977
828;19998706
829;5913610
830;23640180
831;12697737
832;33885175
833;9765530
834;5463736
835;15550512
836;14289783
837;16247345
838;21052729
839;12478560
840;13479462
841;10740302
842;11177693
843;9625624
844;12353175
845;26643612
846;28215985
847;18504145
848;8279163
849;17491421
850;26499322
851;13323158
852;16415091
853;15405052
854;17597397
855;18215632
856;15625814
857;23756700
858;28096742
859;27579402
860;24079078
861;11725069
862;9719002
863;19183325
864;31497726
865;18634564
866;9895414
867;17023187
868;3466711
869;20229365
870;3387532
871;23848322
872;14599700
873;43596544
874;19253276
875;39820666
876;17166138
877;15083257
878;17023073
879;34601260
880;26563917
881;17923602
882;26384402
883;4424155
884;29052268
885;20946078
886;11892137
887;25535312
888;7370974
889;29584033
890;16177872
891;37644042
892;7531200
893;28707533
894;9339366
895;11314721
896;12137164
897;17694244
898;9163387
899;21162019
900;32740010
901;6902704
902;8481964
903;15594708
904;11050309
905;29656386
906;17412432
907;29498334
908;19117115
909;14473007
910;16598692
911;13359260
912;20077973
913;18199818
914;28779234
915;15795395
916;25474046
917;12758042
918;15948202
919;24308048
920;18679918
921;20834702
922;25273765
923;10351653
924;26409722
925;30602684
926;16093771
927;8650827
928;13294713
929;12114517
930;21682025
931;22673995
932;8228992
933;19142815
934;19365580
935;16963513
936;19123513
937;11075009
938;16379989
939;17577922
940;13212352
941;7169535
942;17656797
943;19416077
944;39672487
945;9387724
946;4440915
947;15384481
948;15746348
949;39056602
950;16512168
951;16965168
952;19391625
953;27723453
954;31303932
955;19248720
956;12418820
957;21078925
958;6966525
959;18058268
960;26843833
961;12394817
962;5917823
963;32101534
964;27001520
965;15295508
966;20454157
967;6320837
968;12927450
969;19355827
970;15349086
971;23820954
972;18989769
973;18148191
974;12924782
975;22339619
976;11831002
977;36678617
978;34940674
979;25273887
980;6894905
981;43181533
982;19072928
983;13733580
984;14385867
985;15752359
986;22917309
987;16436492
988;29609105
989;15307581
990;20018553
991;23418264
992;27521522
993;7236538
994;15382837
995;15226429
996;14798478
997;15233045
998;22365997
999;30627528
1000;24767320
1001;29237509
1002;23747400
1003;26102370
1004;24321902
1005;4701288
1006;26827591
1007;14825444
1008;8956231
1009;27064012
1010;13597054
1011;14677886
1012;6805294
1013;8926524
1014;6565300
1015;18869828
1016;25127892
1017;6193868
1018;12351131
1019;26083256
1020;6313252
1021;35810450
1022;24595267
1023;17063788
1024;19512934
1025;27730510
1026;52441170
1027;18393227
1028;14254852
1029;14784282
1030;11302247
1031;47354097
1032;21357792
1033;17143259
1034;15982290
1035;15379925
1036;21280664
1037;12062898
1038;10159242
1039;20391711
1040;21429281
1041;13778028
1042;12834116
1043;16975296
1044;11288037
1045;20964114
1046;17549856
1047;23100031
1048;24240581
1049;24900766
1050;13663413
1051;16580321
1052;28055962
1053;24539124
1054;33174240
1055;7647941
1056;10584713
1057;24975502
1058;11364320
1059;45589552
1060;12172488
1061;19185072
1062;18985398
1063;22332823
1064;31443163
1065;13620158
1066;16204881
1067;27997388
1068;7605925
1069;29793743
1070;36666358
1071;30896968
1072;13107251
1073;27897438
1074;31748048
1075;22709354
1076;18784868
1077;8962184
1078;7865880
1079;53047791
1080;13331970
1081;9006237
1082;16761825
1083;25741471
1084;8339295
1085;25876894
1086;11462816
1087;25527027
1088;10334809
1089;13819798
1090;9034995
1091;33245774
1092;12112068
1093;13923129
1094;16843581
1095;11508683
1096;20563165
1097;5275382
1098;41622851
1099;17909276
1100;25888653
1101;5518062
1102;28767438
1103;22925592
1104;14404956
1105;8986222
1106;5964615
1107;3304765
1108;23327386
1109;9703451
1110;19838561
1111;11279133
1112;24878797
1113;12581986
1114;19641545
1115;33966789
1116;22134837
1117;18986520
1118;30915131
1119;26506731
1120;22766940
1121;18502194
1122;11469155
1123;12564959
1124;16855085
1125;22412607
1126;30914147
1127;18041345
1128;8152382
1129;13648893
1130;30121205
1131;20509608
1132;16575545
1133;9787954
1134;27339537
1135;14577473
1136;25285346
1137;24425848
1138;8568195
1139;21857206
1140;19731225
1141;23569090
1142;13453295
1143;15121086
1144;28350215
1145;29359574
1146;14467850
1147;11285122
1148;12463829
1149;9195402
1150;10395950
1151;20202458
1152;8429864
1153;26030943
1154;22652261
1155;21515981
1156;15374676
1157;33299313
1158;18408377
1159;34107861
1160;32798836
1161;22714819
1162;34738977
1163;17781610
1164;19730410
1165;4897046
1166;8833774
1167;13295643
1168;21159640
1169;18526643
1170;13379448
1171;7352715
1172;10842224
1173;33710437
1174;19966522
1175;15563291
1176;27066145
1177;24380095
1178;3712614
1179;12395968
1180;17068787
1181;20368942
1182;5774441
1183;13958700
1184;11649802
1185;20900697
1186;12501880
1187;28751559
1188;19783625
1189;12040552
1190;18972854
1191;12157408
1192;14549005
1193;3275859
1194;19935674
1195;11783078
1196;14606493
1197;15780216
1198;16654704
1199;18701431
1200;11595735
1201;15277787
1202;20080989
1203;5079382
1204;14406353
1205;21317086
1206;12993415
1207;25164014
1208;9221578
1209;22889095
1210;9909434
1211;30131481
1212;4071494
1213;54276127
1214;23834150
1215;23079586
1216;29407450
1217;10113274
1218;31703307
1219;16055027
1220;23324242
1221;47842888
1222;46296202
1223;24121879
1224;20798727
1225;17862769
1226;39067435
1227;30784315
1228;11067357
1229;16901135
1230;22636350
1231;25536543
1232;28619668
1233;11499118
1234;17992177
1235;11474084
1236;15378282
1237;11454434
1238;10033789
1239;17978227
1240;14743629
1241;33739261
1242;21550312
1243;8915072
1244;38389808
1245;8097846
1246;26750163
1247;23173436
1248;42200934
1249;33925834
1250;18904232
1251;10299266
1252;10574932
1253;25192594
1254;37240111
1255;17881720
1256;15579489
1257;17749317
1258;40557993
1259;13456083
1260;30942342
1261;18527988
1262;20086491
1263;9991127
1264;17342700
1265;19365959
1266;15951955
1267;10185902
1268;11531261
1269;15922915
1270;2343573
1271;12181714
1272;27040479
1273;9851283
1274;11726432
1275;18481232
1276;8416233
1277;47764453
1278;26133395
1279;20008291
1280;11246415
1281;5300985
1282;7803627
1283;19509704
1284;9485340
1285;15513875
1286;13219379
1287;15613409
1288;28717034
1289;8434375
1290;16461958
1291;33562948
1292;36428512
1293;15138514
1294;12786074
1295;21694073
1296;31030100
1297;14419330
1298;18294938
1299;11510523
1300;27114909
1301;31277093
1302;38898419
1303;7075737
1304;24765371
1305;27159171
1306;27519196
1307;17353187
1308;15875136
1309;21641514
1310;23029671
1311;15513682
1312;29540586
1313;18772814
1314;12062913
1315;8026625
1316;3710972
1317;24240742
1318;36379465
1319;13282497
1320;20194883
1321;20927826
1322;32021764
1323;6918875
1324;23559072
1325;15856438
1326;22080953
1327;20628467
1328;12480929
1329;4523931
1330;32356700
1331;10684508
1332;14003990
1333;5004184
1334;14625383
1335;20098505
1336;25567728
1337;48954608
1338;15376260
1339;22578167
1340;31741083
1341;29314902
1342;6480862
1343;13718520
1344;22611461
1345;17368259
1346;16662620
1347;17364416
1348;25619198
1349;12658950
1350;18568426
1351;15443436
1352;15239950
1353;19270232
1354;9519163
1355;16537886
1356;11637500
1357;13335423
1358;3121923
1359;18392850
1360;20967787
1361;11823758
1362;27115966
1363;14603860
1364;14674530
1365;11169332
1366;14421587
1367;23614662
1368;24234746
1369;22950683
1370;14943957
1371;18603847
1372;15306526
1373;32031902
1374;36500139
1375;27637630
1376;10924485
1377;17676801
1378;12808268
1379;24021400
1380;40068055
1381;28939940
1382;18279225
1383;26045243
1384;8625696
1385;28347139
1386;23388903
1387;45347053
1388;11275413
1389;9027945
1390;14753906
1391;6873233
1392;10922515
1393;17856650
1394;19212602
1395;12700808
1396;11138292
1397;20399439
1398;27643660
1399;20499752
1400;35631197
1401;42297237
1402;56989890
1403;21574462
1404;12294474
1405;21633497
1406;25368236
1407;19118207
1408;17411320
1409;27440487
1410;37621243
1411;11344363
1412;18306048
1413;29150857
1414;4342220
1415;28761109
1416;25105094
1417;8531813
1418;21206536
1419;34789119
1420;19778709
1421;10620258
1422;10613297
1423;29142622
1424;12167172
1425;25569654
1426;18881218
1427;14281120
1428;11184697
1429;20005120
1430;7987295
1431;19282932
1432;17816545
1433;12083576
1434;29287152
1435;17050998
1436;9571757
1437;19328105
1438;10110495
1439;29231362
1440;13299179
1441;18820287
1442;5984467
1443;8747610
1444;27119947
1445;25154671
1446;12654234
1447;10146167
1448;17645183
1449;5986720
1450;12730369
1451;10215366
1452;12708143
1453;10525513
1454;15139671
1455;25525084
1456;25230184
1457;9064387
1458;19636534
1459;17945175
1460;43060776
1461;16485507
1462;14870290
1463;6891522
1464;10543183
1465;26644806
1466;23009531
1467;13309408
1468;15561721
1469;15603514
1470;6885234
1471;12912743
1472;12684032
1473;26357172
1474;25899328
1475;17562985
1476;27027694
1477;22305771
1478;30362756
1479;25915327
1480;14440639
1481;21531156
1482;8797338
1483;14963090
1484;3528479
1485;17794510
1486;9075797
1487;22122640
1488;6971629
1489;10766738
1490;27116614
1491;9659600
1492;7754588
1493;15270585
1494;9666087
1495;18963378
1496;15351361
1497;21466512
1498;26493032
1499;20181307
1500;20035300
1501;16646722
1502;27230628
1503;21181597
1504;30463821
1505;13971488
1506;34267375
1507;30590335
1508;15785871
1509;23457175
1510;10711711
1511;11962011
1512;26796815
1513;57567728
1514;23998153
1515;4242188
1516;4549050
1517;8621287
1518;21851543
1519;10501407
1520;13702905
1521;8485539
1522;8070892
1523;23563451
1524;17100011
1525;18096175
1526;11706377
1527;21187551
1528;6234690
1529;17218025
1530;23651423
1531;9929087
1532;6097776
1533;20500571
1534;25557206
1535;26946268
1536;43325516
1537;21541242
1538;17161934
1539;4427323
1540;20403948
1541;33598856
1542;16892054
1543;20558942
1544;20718117
1545;11361147
1546;25330239
1547;10488762
1548;45352195
1549;27536375
1550;4689768
1551;11940897
1552;44959434
1553;10390346
1554;31895027
1555;13390544
1556;10462742
1557;13686197
1558;18606044
1559;20700666
1560;17257757
1561;10591081
1562;9653631
1563;41667638
1564;28775443
1565;20959620
1566;24289710
1567;25056122
1568;18115686
1569;16553979
1570;15185319
1571;34487328
1572;13209754
1573;40348728
1574;7674081
1575;28747370
1576;14357168
1577;30465320
1578;17489728
1579;42112096
1580;40843411
1581;10043566
1582;11611992
1583;12536609
1584;8721490
1585;25177593
1586;11515493
1587;9849060
1588;13249664
1589;9347630
1590;6997116
1591;21238440
1592;19024151
1593;22163912
1594;12958006
1595;25908189
1596;18596923
1597;6262577
1598;24510826
1599;39850597
1600;22652676
1601;22408258
1602;19046566
1603;14941941
1604;7154950
1605;15882681
1606;32356696
1607;14416497
1608;20731185
1609;10261200
1610;13002248
1611;31322172
1612;19170605
1613;28581343
1614;13665813
1615;14778802
1616;16703221
1617;7394059
1618;31752400
1619;27031988
1620;21863641
1621;21278058
1622;11310594
1623;20482976
1624;14906690
1625;31795966
1626;18550880
1627;27851813
1628;25591761
1629;11823695
1630;11466548
1631;22103142
1632;10049692
1633;23144685
1634;16546512
1635;26994351
1636;25385124
1637;16488810
1638;28267414
1639;12038497
1640;31431486
1641;42989694
1642;16694820
1643;9983108
1644;33314570
1645;8170082
1646;31472847
1647;7555391
1648;29256676
1649;17873383
1650;20054302
1651;23779934
1652;22698233
1653;26500115
1654;13734548
1655;25633519
1656;20345261
1657;22596148
1658;22299548
1659;26574376
1660;17771286
1661;21998308
1662;13238382
1663;17390389
1664;16797246
1665;10481109
1666;8373915
1667;25140319
1668;28394504
1669;10615504
1670;21462682
1671;13344543
1672;15255563
1673;21366618
1674;20377042
1675;11435875
1676;34688876
1677;24982051
1678;12628386
1679;16047406
1680;9708180
1681;22302686
1682;13038448
1683;28364058
1684;14804033
1685;27860568
1686;20872078
1687;18121936
1688;25869027
1689;9539145
1690;20509255
1691;5691812
1692;16570363
1693;13520081
1694;41202400
1695;13215500
1696;18058766
1697;5528475
1698;7374684
1699;12338320
1700;14871104
1701;6597575
1702;10595904
1703;20354956
1704;23985848
1705;17692696
1706;12762182
1707;10869835
1708;19510805
1709;26576677
1710;18204255
1711;10038195
1712;27297465
1713;9496636
1714;26129670
1715;21668423
1716;7950306
1717;9010455
1718;11817233
1719;36421941
1720;13115864
1721;11306212
1722;15468141
1723;26200267
1724;9502887
1725;17526843
1726;24438471
1727;24063890
1728;6328165
1729;12985432
1730;40397532
1731;17009593
1732;12450610
1733;16543435
1734;25351171
1735;2433242
1736;32626116
1737;22841078
1738;9498393
1739;15873800
1740;19189984
1741;43597915
1742;16309585
1743;24782498
1744;25261081
1745;17094911
1746;22019666
1747;27927234
1748;23821295
1749;17243986
1750;21403891
1751;12486665
1752;20890753
1753;30373034
1754;16274938
1755;17711137
1756;9278894
1757;18738102
1758;57316067
1759;19926978
1760;10611248
1761;23187695
1762;8825381
1763;27196626
1764;18683431
1765;6616011
1766;11466234
1767;20337919
1768;15238253
1769;8205927
1770;18016952
1771;24396607
1772;9220106
1773;8452883
1774;27807516
1775;15190530
1776;4346137
1777;18386013
1778;18957070
1779;11069580
1780;12253402
1781;26542913
1782;20737311
1783;36489860
1784;13151404
1785;18439925
1786;15607015
1787;24573867
1788;22524579
1789;25278864
1790;20593486
1791;22635026
1792;16821024
1793;18209084
1794;8548844
1795;16830153
1796;35403710
1797;20158327
1798;20188468
1799;20841345
1800;12413142
1801;20794354
1802;18380625
1803;15775072
1804;25487567
1805;32735521
1806;23311526
1807;15793897
1808;26303436
1809;15414624
1810;24054742
1811;6479475
1812;24877853
1813;11501193
1814;32852557
1815;22475437
1816;32968570
1817;15464094
1818;7541421
1819;12279356
1820;14302836
1821;15929223
1822;17444841
1823;20719045
1824;19424057
1825;21133703
1826;16637587
1827;15370652
1828;25571517
1829;15398144
1830;19686920
1831;27761715
1832;9459832
1833;14345096
1834;24581637
1835;19148102
1836;14571740
1837;8391064
1838;10553700
1839;13546491
1840;10617659
1841;24946682
1842;22722636
1843;20846717
1844;31302356
1845;18613994
1846;11055368
1847;16644855
1848;21313046
1849;7775431
1850;13351206
1851;7398368
1852;10036845
1853;34552324
1854;23784100
1855;33075456
1856;7146481
1857;9461115
1858;20344872
1859;21484458
1860;15381478
1861;15677457
1862;26257619
1863;14365340
1864;20021193
1865;18950723
1866;9034006
1867;21107361
1868;17293788
1869;10183145
1870;12757250
1871;22182120
1872;5034233
1873;13028276
1874;1808886
1875;24831688
1876;27544841
1877;20241564
1878;14351217
1879;21072332
1880;22639293
1881;12941280
1882;23128922
1883;12348368
1884;21837528
1885;24659388
1886;28475971
1887;34829971
1888;27147114
1889;19175500
1890;24951237
1891;36072655
1892;20705451
1893;18235150
1894;8661085
1895;47624249
1896;27867980
1897;17280700
1898;18540158
1899;33891515
1900;31317659
1901;15833779
1902;12846848
1903;21433125
1904;8140235
1905;22713352
1906;11390498
1907;25881431
1908;13821445
1909;20410670
1910;7091068
1911;11381224
1912;13518534
1913;17628553
1914;21943816
1915;7201397
1916;28903882
1917;12343960
1918;21875564
1919;30366661
1920;18406352
1921;24231494
1922;16384025
1923;20678490
1924;42084265
1925;10588458
1926;9502774
1927;9933346
1928;3621906
1929;10356278
1930;10909912
1931;20682145
1932;16625751
1933;19522313
1934;14628350
1935;18482545
1936;9761870
1937;11676295
1938;18491048
1939;17582228
1940;37599400
1941;12157817
1942;14599954
1943;35268373
1944;27439611
1945;9523217
1946;7438826
1947;32370511
1948;7481881
1949;13520392
1950;23208974
1951;13660563
1952;15057602
1953;21947294
1954;42817331
1955;5024033
1956;9413203
1957;5591684
1958;11414936
1959;17877817
1960;27095619
1961;10639259
1962;24870120
1963;33263659
1964;15222206
1965;14692581
1966;30323131
1967;29985582
1968;2128861
1969;22928253
1970;40700251
1971;22599600
1972;35191100
1973;28952793
1974;25176077
1975;17237402
1976;10074828
1977;31568739
1978;5080551
1979;10292497
1980;22024228
1981;30265835
1982;19406523
1983;17809410
1984;18062262
1985;22141581
1986;11365290
1987;12031156
1988;8141786
1989;17201298
1990;15815628
1991;26074802
1992;12096066
1993;13543479
1994;24916506
1995;25399595
1996;26003074
1997;17750570
1998;14018920
1999;19189834
2000;11628684
2001;15668402
2002;33662757
2003;19193197
2004;41497297
2005;24287427
2006;9265048
2007;4583587
2008;18917287
2009;14290147
2010;20629972
2011;16862575
2012;16004387
2013;28878562
2014;14649728
2015;19797389
2016;6953377
2017;4234127
2018;22122816
2019;8189845
2020;14035309
2021;24021567
2022;11164551
2023;37944611
2024;22504102
2025;9016078
2026;12761727
2027;12116187
2028;18602436
2029;23068839
2030;18440065
2031;39668612
2032;15096941
2033;36554522
2034;24584704
2035;14393230
2036;15084106
2037;29499179
2038;22212621
2039;11498201
2040;27437202
2041;11466075
2042;20433826
2043;17381637
2044;30143651
2045;14814359
2046;22086350
2047;19350968
2048;15911558
2049;22111467
2050;21604276
2051;38284892
2052;13261691
2053;14022490
2054;22140056
2055;8692767
2056;20502782
2057;26312387
2058;18183352
2059;5428300
2060;11321985
2061;18677095
2062;14107637
2063;13398687
2064;17507370
2065;12975156
2066;19918652
2067;31033578
2068;5660327
2069;16174318
2070;8936959
2071;22134160
2072;10336075
2073;36800454
2074;15608377
2075;19431562
2076;35425569
2077;12261495
2078;11056868
2079;22448134
2080;7549241
2081;16499580
2082;19328194
2083;17400990
2084;14167214
2085;9722107
2086;33194272
2087;54042093
2088;17310609
2089;11857288
2090;23891708
2091;14854014
2092;11642258
2093;16649053
2094;20183790
2095;8263668
2096;18045150
2097;28257432
2098;21559372
2099;16529135
2100;21409840
2101;17337475
2102;10738050
2103;23172117
2104;12536485
2105;24338352
2106;14458097
2107;27600027
2108;34799460
2109;14059742
2110;11479726
2111;12764287
2112;18680751
2113;22671604
2114;23743582
2115;10855394
2116;8117440
2117;15670775
2118;15170420
2119;18722867
2120;7420420
2121;8626836
2122;8072494
2123;5632656
2124;9116480
2125;14273289
2126;14878920
2127;23858300
2128;21508725
2129;19343408
2130;24293510
2131;17477057
2132;9940156
2133;23079554
2134;18472436
2135;12083414
2136;19531247
2137;12901784
2138;27122254
2139;11589267
2140;26344010
2141;17754674
2142;17716144
2143;25138286
2144;11871179
2145;11946945
2146;19094204
2147;28288032
2148;11646784
2149;37891348
2150;22250416
2151;8488141
2152;23085026
2153;22235126
2154;20822594
2155;9482614
2156;24613456
2157;18455612
2158;26194297
2159;13793362
2160;15370300
2161;7586182
2162;14165151
2163;18330256
2164;24058334
2165;24256971
2166;11329605
2167;19375386
2168;37072214
2169;8143558
2170;36932374
2171;16017619
2172;24093541
2173;23834258
2174;15244148
2175;14797531
2176;12238928
2177;12553293
2178;11108284
2179;48296231
2180;7631144
2181;21301960
2182;12324958
2183;8926292
2184;11931582
2185;23677686
2186;19218835
2187;19765831
2188;24655740
2189;22736283
2190;36801436
2191;10815077
2192;32479718
2193;15253237
2194;19256614
2195;38554800
2196;31826915
2197;29226560
2198;6993531
2199;30716165
2200;52097723
2201;26293941
2202;15274729
2203;11159887
2204;10771148
2205;9170562
2206;10905322
2207;14326287
2208;16603689
2209;11549614
2210;21216935
2211;17838389
2212;7825136
2213;11058724
2214;16152561
2215;13805170
2216;20974823
2217;23516733
2218;23469074
2219;16642194
2220;10820842
2221;17779002
2222;24096137
2223;12469152
2224;14684676
2225;10357765
2226;12275604
2227;15209625
2228;42788689
2229;34026300
2230;41541016
2231;16260750
2232;14288138
2233;37571780
2234;4580118
2235;11543555
2236;16143904
2237;25361077
2238;19326704
2239;11448068
2240;11091333
2241;15096751
2242;19683426
2243;25291152
2244;26612447
2245;16716917
2246;16253091
2247;22799510
2248;7169466
2249;14047362
2250;10643791
2251;26207561
2252;25400161
2253;7678744
2254;26810894
2255;9115272
2256;27788043
2257;11599435
2258;25700866
2259;9195675
2260;21734230
2261;12192771
2262;31202880
2263;8411362
2264;24621858
2265;22052112
2266;22034352
2267;15212772
2268;18988956
2269;15335023
2270;14554091
2271;11003982
2272;12829538
2273;33784733
2274;36042490
2275;32982830
2276;7076541
2277;15874141
2278;43493172
2279;10963468
2280;11956476
2281;10219209
2282;11462313
2283;11087648
2284;10135396
2285;10658948
2286;11689790
2287;17586165
2288;4014970
2289;3777897
2290;14145048
2291;23954346
2292;17747963
2293;11450455
2294;12231625
2295;51735836
2296;21909392
2297;23553618
2298;29084692
2299;14084763
2300;19832650
2301;19474457
2302;25688482
2303;24241406
2304;13867787
2305;14512360
2306;23091326
2307;10417477
2308;15825994
2309;29019607
2310;14610904
2311;14856020
2312;8872397
2313;12505197
2314;16235423
2315;16507936
2316;19571280
2317;15518630
2318;19544737
2319;12263495
2320;19626970
2321;21118086
2322;24501100
2323;10389764
2324;19306033
2325;19284888
2326;28267758
2327;18545850
2328;4869682
2329;4631694
2330;21185678
2331;16382611
2332;29486504
2333;16472392
2334;28557380
2335;14206996
2336;28032725
2337;18902816
2338;21900409
2339;11859807
2340;10254585
2341;5775150
2342;28776606
2343;12332404
2344;9286440
2345;8550268
2346;10742463
2347;12781229
2348;16592820
2349;27994820
2350;11513453
2351;20277810
2352;3571802
2353;18879708
2354;8095993
2355;8304081
2356;8503764
2357;24289580
2358;13198204
2359;23632965
2360;12298664
2361;20410231
2362;25082465
2363;12475995
2364;15774425
2365;27904577
2366;10696198
2367;23797219
2368;18115021
2369;20694355
2370;13569674
2371;8481640
2372;29591572
2373;25417086
2374;5736828
2375;23363653
2376;4832094
2377;31408302
2378;21797306
2379;12912739
2380;25343428
2381;10244197
2382;17709185
2383;8016745
2384;26638932
2385;11089732
2386;26279020
2387;7905033
2388;9803552
2389;22500822
2390;23264904
2391;14407233
2392;12747700
2393;17546104
2394;15460235
2395;12036620
2396;29483380
2397;38292800
2398;7896121
2399;11353640
2400;27895675
2401;12662193
2402;15899068
2403;10343785
2404;24482888
2405;10336421
2406;17682100
2407;17026641
2408;11783414
2409;20350357
2410;29016222
2411;10983717
2412;20351731
2413;35381230
2414;10952974
2415;22189297
2416;24816135
2417;20781950
2418;36131495
2419;19141184
2420;25716744
2421;8945174
2422;6134215
2423;20328636
2424;29242329
2425;10339729
2426;28552078
2427;26118322
2428;5667911
2429;38116800
2430;20378887
2431;6652716
2432;8244652
2433;20502429
2434;8364702
2435;14818440
2436;32813767
2437;16333967
2438;32121093
2439;29105379
2440;13729553
2441;8940367
2442;27156083
2443;18394764
2444;17490808
2445;17676580
2446;14342432
2447;14329273
2448;43691278
2449;9221790
2450;41281725
2451;10469740
2452;6861996
2453;28435144
2454;5238642
2455;32398350
2456;16004836
2457;17442458
2458;10400228
2459;25947904
2460;17457348
2461;9227046
2462;15684257
2463;25411027
2464;18161697
2465;15525604
2466;18424911
2467;17344951
2468;22210556
2469;21663582
2470;18102115
2471;14730523
2472;25080144
2473;20759806
2474;20591847
2475;10866092
2476;16947831
2477;13735572
2478;35454469
2479;13308606
2480;25289653
2481;10134963
2482;19102645
2483;26655900
2484;18457258
2485;7653035
2486;15709488
2487;52342045
2488;10719695
2489;30213461
2490;6081382
2491;9992265
2492;34845950
2493;10232852
2494;14160850
2495;10946197
2496;17914337
2497;20431481
2498;13457291
2499;6570697
2500;11549811
2501;27245593
2502;21457487
2503;12212205
2504;18594353
2505;32305800
2506;47798385
2507;13844379
2508;9410243
2509;14941877
2510;32147750
2511;16823722
2512;23221573
2513;18789513
2514;13204984
2515;12565956
2516;23582735
2517;27113735
2518;8032768
2519;16179078
2520;17666175
2521;17981582
2522;34639656
2523;21317587
2524;34850514
2525;29404912
2526;9828148
2527;10182397
2528;8305435
2529;29172195
2530;25830017
2531;12514854
2532;22287754
2533;37632329
2534;11479186
2535;14481758
2536;8403833
2537;16027543
2538;11945637
2539;16158623
2540;6464027
2541;4312960
2542;8015747
2543;18209802
2544;6472290
2545;16140117
2546;20490274
2547;28003029
2548;16954150
2549;30344348
2550;10856162
2551;11736479
2552;18861763
2553;20829294
2554;4909897
2555;12580064
2556;14989587
2557;14315560
2558;32223264
2559;39554668
2560;20091558
2561;19914748
2562;20494287
2563;19111885
2564;11971171
2565;21225270
2566;10005681
2567;31977036
2568;30571131
2569;2987352
2570;39662779
2571;23850245
2572;25390765
2573;26580119
2574;16467738
2575;16636095
2576;15406556
2577;34094897
2578;15326910
2579;12664367
2580;6484905
2581;12148036
2582;17050981
2583;8863880
2584;6239493
2585;9449100
2586;14735492
2587;37799611
2588;11737776
2589;16795270
2590;19584213
2591;9088969
2592;6384019
2593;30029703
2594;18289102
2595;27127083
2596;19294350
2597;18671497
2598;32490486
2599;24313411
2600;25651319
2601;22156864
2602;5966807
2603;8412292
2604;15783832
2605;22663590
2606;4483662
2607;10123568
2608;11006942
2609;21138388
2610;15764762
2611;27987910
2612;13176967
2613;9905087
2614;38497143
2615;37552618
2616;10954211
2617;25666194
2618;16208051
2619;19840616
2620;18135008
2621;8662155
2622;22894351
2623;21761932
2624;30685790
2625;18071500
2626;18108391
2627;28593726
2628;23510473
2629;15995133
2630;12768916
2631;18029772
2632;27620340
2633;14098131
2634;13856887
2635;17076795
2636;11221038
2637;20738439
2638;17182558
2639;17663375
2640;14536557
2641;26544621
2642;13197373
2643;12452569
2644;26646410
2645;10810795
2646;35676968
2647;22064297
2648;10134967
2649;29381978
2650;13158076
2651;15987230
2652;16473523
2653;29701887
2654;13701387
2655;29027814
2656;12595350
2657;9560455
2658;32495273
2659;9369578
2660;9359250
2661;36837078
2662;21374161
2663;24635106
2664;15811859
2665;37937234
2666;7922678
2667;10852164
2668;6152501
2669;13954091
2670;7216269
2671;31850386
2672;12122894
2673;20148105
2674;21414390
2675;9258848
2676;23874505
2677;20499892
2678;16586557
2679;24514034
2680;14853520
2681;12841105
2682;14691266
2683;26103905
2684;23555129
2685;19189897
2686;7997771
2687;15613256
2688;19786132
2689;21344797
2690;23595317
2691;11265330
2692;9545035
2693;18018964
2694;26878430
2695;5605327
2696;14441378
2697;12694518
2698;28219008
2699;8462463
2700;29220784
2701;12462870
2702;13770237
2703;21512732
2704;7509708
2705;36144231
2706;17519158
2707;25046240
2708;12026345
2709;11156770
2710;14520587
2711;14251041
2712;5222173
2713;28928386
2714;8785763
2715;30012882
2716;17376497
2717;12973668
2718;13485871
2719;17103758
2720;9790581
2721;33683176
2722;13189623
2723;20523367
2724;15175616
2725;10630390
2726;37566600
2727;6727994
2728;12841774
2729;6096175
2730;18445468
2731;23542379
2732;28118465
2733;16480054
2734;25087878
2735;7073584
2736;8927700
2737;25216438
2738;22727597
2739;29290697
2740;11852846
2741;21795049
2742;10308847
2743;17848770
2744;37317119
2745;13429307
2746;9551958
2747;6692037
2748;16144039
2749;10711498
2750;19076448
2751;39562860
2752;9106768
2753;21460207
2754;8596643
2755;13917354
2756;23389667
2757;25211013
2758;12973738
2759;29900931
2760;28048253
2761;15774568
2762;28839277
2763;9970395
2764;11388773
2765;12350348
2766;39268638
2767;25722586
2768;10271159
2769;17208536
2770;10625693
2771;21515202
2772;25238056
2773;24466365
2774;10858375
2775;18275575
2776;24790945
2777;13515637
2778;24599119
2779;16843122
2780;18310842
2781;15412564
2782;11542768
2783;6119402
2784;37271311
2785;12229070
2786;19440561
2787;12408572
2788;11407605
2789;18270778
2790;12604070
2791;44190845
2792;11951525
2793;10844363
2794;18145078
2795;4412313
2796;27064220
2797;20562522
2798;10374602
2799;6134306
2800;22784540
2801;23292902
2802;7783755
2803;31839815
2804;22771527
2805;24129627
2806;12216218
2807;35707453
2808;25157786
2809;21635148
2810;25442258
2811;9409297
2812;29618008
2813;4142754
2814;19950591
2815;22643867
2816;37574870
2817;11099146
2818;13761885
2819;24130046
2820;12739320
2821;25619643
2822;16621007
2823;5087813
2824;9329366
2825;25221988
2826;32685237
2827;9146037
2828;22627272
2829;7717871
2830;9251970
2831;25865392
2832;26665167
2833;7684766
2834;6073653
2835;23047211
2836;15095170
2837;19612406
2838;13283495
2839;8791457
2840;11004877
2841;12225057
2842;26441155
2843;15455668
2844;39802402
2845;34959965
2846;6676568
2847;24239970
2848;27571290
2849;13529408
2850;27361700
2851;20664552
2852;6608229
2853;21194441
2854;17380102
2855;38272016
2856;4317141
2857;9590469
2858;7965719
2859;42861031
2860;11235230
2861;13848620
2862;24344213
2863;20523981
2864;6556821
2865;5782644
2866;18912838
2867;24345230
2868;21793248
2869;25417895
2870;27392355
2871;14704894
2872;29449693
2873;6511014
2874;28951691
2875;23230000
2876;16412784
2877;41969365
2878;12995892
2879;18181684
2880;22789710
2881;19679821
2882;1056016
2883;35218515
2884;13568847
2885;18728109
2886;11173871
2887;18151235
2888;15046795
2889;14127644
2890;13178874
2891;20429968
2892;22146426
2893;20025784
2894;12073702
2895;27643771
2896;7660197
2897;15475296
2898;24851506
2899;15901041
2900;19945961
2901;16772469
2902;15110454
2903;31011606
2904;14420334
2905;6963666
2906;10319773
2907;16164234
2908;13294402
2909;23647809
2910;26510625
2911;10456705
2912;18169631
2913;10974288
2914;11485420
2915;18355586
2916;13227136
2917;33484745
2918;7731896
2919;10309163
2920;21840194
2921;4746273
2922;13487646
2923;6289663
2924;13152287
2925;19725276
2926;12864095
2927;8278743
2928;2938210
2929;12878655
2930;15684102
2931;35779904
2932;29980806
2933;11202472
2934;21938844
2935;21817109
2936;15270987
2937;9387668
2938;24078355
2939;16346341
2940;23850404
2941;6181447
2942;7846265
2943;18475970
2944;34067628
2945;13199802
2946;28569320
2947;25004963
2948;2017309
2949;17475738
2950;24943465
2951;14093014
2952;19770009
2953;20171478
2954;15009223
2955;16023108
2956;8026980
2957;12677253
2958;8018443
2959;24945827
2960;9670819
2961;8082873
2962;9439804
2963;10891511
2964;14781760
2965;49413162
2966;32946357
2967;26771206
2968;4070650
2969;17441925
2970;5196444
2971;9146270
2972;11412148
2973;24476747
2974;25421402
2975;17546252
2976;12058734
2977;2994137
2978;20612986
2979;11874966
2980;18336542
2981;21423421
2982;21990462
2983;23457081
2984;16923296
2985;20932575
2986;23709048
2987;26151316
2988;27573833
2989;15952995
2990;14667565
2991;12652508
2992;10135748
2993;20814870
2994;26140293
2995;19608940
2996;6330676
2997;36405946
2998;13725903
2999;16523006
3000;8493577
3001;6085151
3002;25075656
3003;13519532
3004;20835715
3005;36147152
3006;33320448
3007;13516058
3008;14749365
3009;14310150
3010;17632210
3011;13289483
3012;22238763
3013;21651148
3014;16314331
3015;13444402
3016;16872257
3017;13164011
3018;8470068
3019;27764363
3020;21835378
3021;16790762
3022;13870190
3023;7789551
3024;21256337
3025;30255638
3026;26763297
3027;19298310
3028;23162000
3029;18523151
3030;11942622
3031;16550903
3032;17402135
3033;26011762
3034;26947180
3035;6543612
3036;35377161
3037;9840880
3038;24620342
3039;12307525
3040;25414195
3041;12972470
3042;15992048
3043;16075386
3044;16139972
3045;17776731
3046;16813538
3047;43169357
3048;18978851
3049;25567862
3050;25474263
3051;23924807
3052;27109493
3053;14911110
3054;6785802
3055;10637248
3056;30853572
3057;19538300
3058;12088926
3059;15906167
3060;9023082
3061;12889108
3062;31773012
3063;13196487
3064;9897502
3065;15552141
3066;15650027
3067;30319856
3068;13288711
3069;27196295
3070;18840847
3071;14559829
3072;24578688
3073;12248756
3074;32974688
3075;9537660
3076;22927890
3077;17462195
3078;31583669
3079;41324718
3080;19738126
3081;10403003
3082;14788013
3083;18041512
3084;32171203
3085;27905557
3086;15093234
3087;16963522
3088;51855479
3089;19252015
3090;12243638
3091;10947846
3092;17839040
3093;28406702
3094;15366122
3095;19432504
3096;7880718
3097;11543165
3098;25167780
3099;26805975
3100;31110350
3101;17612235
3102;7457314
3103;17846277
3104;18805937
3105;22542837
3106;12075690
3107;21250990
3108;10561064
3109;7036028
3110;21519254
3111;6159182
3112;15647748
3113;13235051
3114;24264500
3115;6339568
3116;27863992
3117;26239587
3118;29988458
3119;17758333
3120;17737588
3121;15375585
3122;16247147
3123;19663836
3124;14050464
3125;19530770
3126;7786611
3127;5614038
3128;6631682
3129;19208232
3130;14169541
3131;26743117
3132;9837936
3133;33600604
3134;16102537
3135;14630247
3136;22326622
3137;9018017
3138;9611216
3139;22470465
3140;18938977
3141;16155050
3142;22495255
3143;14935861
3144;8640187
3145;27226707
3146;12364378
3147;20472986
3148;12876658
3149;24577620
3150;3448932
3151;36395129
3152;16882131
3153;19531368
3154;16501847
3155;21224015
3156;13438858
3157;9650594
3158;17973242
3159;9383691
3160;10255282
3161;19493440
3162;22123627
3163;10538837
3164;39616011
3165;15715923
3166;36634959
3167;32980192
3168;21986842
3169;22972705
3170;17999279
3171;9268905
3172;13595103
3173;18148669
3174;30340904
3175;21956808
3176;19501202
3177;20356429
3178;12608734
3179;11286132
3180;30087183
3181;30081284
3182;13277160
3183;28312379
3184;15627172
3185;29879994
3186;10634262
3187;18241667
3188;10305434
3189;8138023
3190;15051758
3191;10315507
3192;13648804
3193;37046627
3194;41492806
3195;35257536
3196;40197809
3197;7314539
3198;22950052
3199;8632562
3200;20184090
3201;15964898
3202;28707100
3203;11629868
3204;14540945
3205;17395904
3206;21823134
3207;17267655
3208;21570565
3209;19930668
3210;14452244
3211;6783189
3212;21703702
3213;26933336
3214;16726726
3215;14630309
3216;14138451
3217;39119684
3218;10674786
3219;17787886
3220;18516097
3221;13362669
3222;11252437
3223;19497579
3224;21950890
3225;28367227
3226;36035819
3227;20172626
3228;16211232
3229;11810959
3230;12886065
3231;13551344
3232;22134909
3233;35014526
3234;11864921
3235;35367186
3236;13888830
3237;10189847
3238;22178701
3239;16448361
3240;25149741
3241;11038457
3242;15414244
3243;12995522
3244;29586366
3245;28202559
3246;6817693
3247;12168605
3248;13997081
3249;20960160
3250;19667447
3251;26535557
3252;5670765
3253;22783193
3254;24151357
3255;23138339
3256;16619786
3257;9316784
3258;23574555
3259;18586547
3260;14778671
3261;28163650
3262;24866300
3263;9660206
3264;7633889
3265;21399676
3266;17918243
3267;18743542
3268;13568685
3269;29728111
3270;7958848
3271;22960041
3272;28295114
3273;9919993
3274;34544948
3275;6615290
3276;15467058
3277;9467558
3278;8815073
3279;32037151
3280;26227071
3281;14724834
3282;16210439
3283;7576505
3284;35769328
3285;22193286
3286;44987290
3287;20756859
3288;23386250
3289;11853732
3290;23825984
3291;18231523
3292;40430639
3293;29968315
3294;20373820
3295;20533734
3296;17148472
3297;24566210
3298;18344520
3299;22461603
3300;24029609
3301;22765754
3302;26211083
3303;16078855
3304;36683293
3305;19124453
3306;25872140
3307;20769206
3308;14333118
3309;8634900
3310;8354535
3311;39858295
3312;14336286
3313;23399583
3314;18126297
3315;5954137
3316;28440255
3317;10764673
3318;40969737
3319;18644525
3320;18912589
3321;14550561
3322;9993654
3323;6670607
3324;17628239
3325;15082157
3326;41098278
3327;20272322
3328;12942660
3329;20269905
3330;21332808
3331;6240180
3332;10536377
3333;15651784
3334;14494462
3335;21308576
3336;16970883
3337;15621070
3338;15843331
3339;10888817
3340;24726940
3341;32304329
3342;13004412
3343;10058216
3344;10014535
3345;17043492
3346;17208834
3347;11956948
3348;5780906
3349;15289511
3350;9171349
3351;24312623
3352;5997794
3353;22697075
3354;11882416
3355;15942430
3356;14105931
3357;28155518
3358;20434334
3359;12129848
3360;29367748
3361;22407707
3362;18775559
3363;5651588
3364;22648389
3365;17919042
3366;18378715
3367;24105690
3368;26552159
3369;22056910
3370;9459107
3371;25105736
3372;6237360
3373;6738091
3374;14928845
3375;6749604
3376;25517464
3377;32869487
3378;20202907
3379;27518167
3380;14850324
3381;6812738
3382;37264933
3383;21237820
3384;7444423
3385;7583389
3386;10156387
3387;15991144
3388;16739414
3389;31013180
3390;31004574
3391;3351625
3392;7365750
3393;24096839
3394;15276332
3395;8732347
3396;28151568
3397;13531067
3398;17770553
3399;21184702
3400;18050607
3401;16987821
3402;24657926
3403;17741562
3404;17121278
3405;12465995
3406;10685373
3407;13153089
3408;6466765
3409;16807295
3410;29198237
3411;15247601
3412;14547422
3413;36521924
3414;6476715
3415;20616308
3416;21155011
3417;31315022
3418;17978949
3419;22461771
3420;14699990
3421;6508428
3422;18387535
3423;15246360
3424;42123141
3425;8109915
3426;15011405
3427;41634581
3428;25982253
3429;38236202
3430;6472806
3431;23999802
3432;7690128
3433;9406725
3434;5229642
3435;6364080
3436;26121863
3437;9593556
3438;8039630
3439;25347427
3440;16515827
3441;25077776
3442;13829153
3443;20435522
3444;9134520
3445;15896564
3446;6589135
3447;8415765
3448;14439506
3449;19976934
3450;6841716
3451;29979545
3452;13943070
3453;31773265
3454;26982721
3455;17700517
3456;17604858
3457;17942560
3458;15566400
3459;32765487
3460;24545075
3461;34515867
3462;35687552
3463;9599206
3464;19310697
3465;32357481
3466;26985751
3467;22527493
3468;14311293
3469;25122835
3470;23163059
3471;11004102
3472;32315005
3473;11093755
3474;7503730
3475;13843738
3476;17476137
3477;25793895
3478;8347650
3479;10250569
3480;7288302
3481;4176846
3482;32290193
3483;21097442
3484;37875063
3485;26420547
3486;17420062
3487;12148172
3488;6497992
3489;11429006
3490;23211167
3491;33094266
3492;27681650
3493;10113708
3494;24496063
3495;11584162
3496;8536885
3497;8271314
3498;17662451
3499;16166070
3500;10215313
3501;11921059
3502;15361414
3503;36188653
3504;14447612
3505;17927333
3506;14405840
3507;13215456
3508;22249533
3509;8504540
3510;41970438
3511;22162282
3512;7827282
3513;15695088
3514;12263117
3515;9570146
3516;5168572
3517;12839451
3518;21045851
3519;12393422
3520;36374731
3521;31929880
3522;15631339
3523;9943258
3524;24989550
3525;7758152
3526;32598855
3527;7145755
3528;16329688
3529;26120179
3530;9726097
3531;15554079
3532;30722262
3533;26229569
3534;32343008
3535;4273771
3536;24979950
3537;8370695
3538;12124620
3539;13073240
3540;18985583
3541;8953039
3542;13886134
3543;18318897
3544;15425664
3545;14241588
3546;10301810
3547;25113387
3548;3085730
3549;15696852
3550;4838180
3551;9283344
3552;23694322
3553;19664513
3554;21387306
3555;13391155
3556;7049979
3557;47250703
3558;16605352
3559;34424546
3560;19513561
3561;13025789
3562;7786727
3563;13087273
3564;12138175
3565;21810479
3566;23985202
3567;16656854
3568;25249094
3569;6462928
3570;11159852
3571;12306745
3572;16029851
3573;29729913
3574;9665863
3575;16076755
3576;5329320
3577;11390073
3578;34656113
3579;25880611
3580;22413878
3581;25808911
3582;15050312
3583;29769073
3584;26690822
3585;15867548
3586;18326062
3587;35362597
3588;12896167
3589;9517919
3590;15930963
3591;18505591
3592;16288407
3593;17327728
3594;10993439
3595;2854897
3596;47998133
3597;33185580
3598;17161376
3599;12743500
3600;13725764
3601;24869194
3602;11941613
3603;19615823
3604;15696268
3605;16330125
3606;31757309
3607;4789248
3608;34809524
3609;12651395
3610;17903404
3611;18846444
3612;25940234
3613;12699081
3614;21741152
3615;35938257
3616;14525678
3617;16052672
3618;16240312
3619;22144843
3620;35052905
3621;26296474
3622;8273541
3623;35757411
3624;21546915
3625;9372758
3626;41855452
3627;19486532
3628;17459413
3629;37748306
3630;8986467
3631;9468280
3632;7822979
3633;9149679
3634;14197847
3635;18158939
3636;18520353
3637;22508784
3638;20652505
3639;13673425
3640;14429343
3641;18937575
3642;7027322
3643;19985753
3644;38473051
3645;15747717
3646;15129912
3647;18882875
3648;10504976
3649;15337306
3650;35992602
3651;16576161
3652;24209582
3653;30982461
3654;9684260
3655;7960220
3656;32052760
3657;27330558
3658;21652887
3659;16990476
3660;26107315
3661;42690284
3662;8495225
3663;10472507
3664;24576444
3665;5312294
3666;21826291
3667;23547010
3668;53641764
3669;22361804
3670;5096996
3671;12146146
3672;17516900
3673;3659672
3674;13694668
3675;11023603
3676;14160916
3677;12680135
3678;9801420
3679;13412571
3680;38045183
3681;22316992
3682;23682039
3683;22274534
3684;9960835
3685;28476043
3686;15215703
3687;16523431
3688;30830741
3689;18284066
3690;24428292
3691;43318418
3692;27931117
3693;36465553
3694;28315981
3695;13712386
3696;26387137
3697;12979502
3698;17221380
3699;11508523
3700;11497892
3701;33249792
3702;14249227
3703;25972754
3704;50052660
3705;12896274
3706;22648627
3707;19027347
3708;10909191
3709;16849051
3710;12279133
3711;10616110
3712;12701176
3713;23834804
3714;12959722
3715;17007885
3716;20212164
3717;11903171
3718;16336697
3719;17347569
3720;14855827
3721;35283129
3722;14612727
3723;14806004
3724;21643581
3725;22581106
3726;25132993
3727;26920545
3728;14867356
3729;15795114
3730;31146640
3731;14170504
3732;18135552
3733;35467311
3734;30190197
3735;20767232
3736;21663187
3737;23467808
3738;25112260
3739;11901000
3740;14039766
3741;14921975
3742;21217864
3743;22385931
3744;21646548
3745;11562865
3746;12936845
3747;17349401
3748;10652807
3749;16474363
3750;6221351
3751;34406872
3752;22126987
3753;11883878
3754;19738009
3755;18964511
3756;9988300
3757;19027937
3758;13403091
3759;7581983
3760;9185995
3761;12228200
3762;15126018
3763;28987884
3764;22888015
3765;12857944
3766;18797833
3767;23620245
3768;13198507
3769;12974802
3770;9310609
3771;12305710
3772;18708427
3773;22030057
3774;34423822
3775;18830832
3776;12374695
3777;8640380
3778;19795733
3779;11512556
3780;10215380
3781;16357417
3782;11769951
3783;17713836
3784;16202797
3785;21350730
3786;11918419
3787;20835346
3788;33838468
3789;4328896
3790;37246009
3791;16555184
3792;8455692
3793;11530172
3794;33166020
3795;10104885
3796;27822093
3797;30788281
3798;11067214
3799;10258894
3800;15847572
3801;12001238
3802;48491911
3803;18111697
3804;22456581
3805;8732256
3806;4143147
3807;9255237
3808;14046593
3809;8931685
3810;25949912
3811;24221393
3812;22187457
3813;19412634
3814;27859776
3815;13214465
3816;20193016
3817;12934685
3818;14721716
3819;22034511
3820;22557534
3821;9511546
3822;28259618
3823;10871961
3824;9852375
3825;7373832
3826;8576704
3827;39556323
3828;7665323
3829;24786053
3830;17238130
3831;24376847
3832;6568042
3833;9410635
3834;18579194
3835;20637424
3836;7321818
3837;26109982
3838;12756826
3839;26920207
3840;16943512
3841;18201070
3842;11849333
3843;7206000
3844;11255736
3845;28526566
3846;6282052
3847;11881224
3848;13149246
3849;28468118
3850;38699798
3851;23958400
3852;15580132
3853;29946837
3854;33032693
3855;10316130
3856;12308008
3857;18539747
3858;20706732
3859;31138134
3860;33202753
3861;12454991
3862;37294166
3863;30591330
3864;25514279
3865;12770112
3866;20651401
3867;15694000
3868;17873666
3869;12902723
3870;11249346
3871;9694604
3872;12743597
3873;12909042
3874;10193423
3875;9591525
3876;18870951
3877;6732152
3878;7606336
3879;3423059
3880;24059816
3881;13903202
3882;30022977
3883;4265771
3884;24628335
3885;15969976
3886;23624504
3887;23865909
3888;13692788
3889;6910821
3890;17621442
3891;9454483
3892;12014481
3893;18896758
3894;15383272
3895;23163206
3896;9967789
3897;9797926
3898;9729394
3899;19676470
3900;19067428
3901;15034635
3902;38433223
3903;13744376
3904;26177983
3905;12539596
3906;24142530
3907;24923702
3908;18994632
3909;29260118
3910;9150937
3911;26922460
3912;10410764
3913;10309795
3914;24025663
3915;16755811
3916;16479611
3917;37993988
3918;1622202
3919;14435855
3920;29238140
3921;54612073
3922;18857831
3923;7978315
3924;30953380
3925;9153636
3926;15831144
3927;18082444
3928;22387429
3929;20840012
3930;11537116
3931;14199070
3932;16372120
3933;9911166
3934;10774910
3935;13854072
3936;10985558
3937;12269436
3938;13366782
3939;20642806
3940;15609677
3941;21065367
3942;17967793
3943;16865157
3944;9673540
3945;15539902
3946;12303025
3947;17885674
3948;13326635
3949;24066138
3950;19696221
3951;16338168
3952;16712764
3953;10604720
3954;8203700
3955;6068956
3956;10120984
3957;20351318
3958;44654148
3959;10372804
3960;16577068
3961;12192929
3962;9108598
3963;9738254
3964;22727290
3965;8895613
3966;9305918
3967;29456178
3968;17493663
3969;7545276
3970;33286921
3971;15991697
3972;19111426
3973;27240965
3974;9599397
3975;27657160
3976;41009794
3977;16800245
3978;32667112
3979;19882178
3980;5455365
3981;8757567
3982;26190514
3983;14138103
3984;12503925
3985;5536635
3986;17764823
3987;10948606
3988;19835411
3989;16531750
3990;10615952
3991;17387824
3992;9156032
3993;9553993
3994;22623302
3995;12790329
3996;25361317
3997;21081484
3998;10109297
3999;17951114
4000;34675925
4001;16168297
4002;23637358
4003;9623211
4004;8157956
4005;17975594
4006;34068600
4007;23821615
4008;7131397
4009;13293584
4010;19469183
4011;7864890
4012;17912654
4013;12967570
4014;9312612
4015;17100435
4016;28917608
4017;39240319
4018;24101471
4019;8611105
4020;16556280
4021;15174308
4022;9952938
4023;9471608
4024;7143890
4025;14106953
4026;19528773
4027;31457295
4028;20091862
4029;17410975
4030;22777946
4031;26010889
4032;17426344
4033;10031176
4034;19283277
4035;26037431
4036;24247359
4037;11780175
4038;31047546
4039;21148874
4040;10116595
4041;17998390
4042;35115095
4043;13500063
4044;10471473
4045;11991653
4046;5477967
4047;18944624
4048;17621536
4049;11383518
4050;16427443
4051;10106104
4052;9000203
4053;18634737
4054;23373562
4055;8849390
4056;7324559
4057;22515339
4058;14940211
4059;11544747
4060;34144156
4061;8548381
4062;30933394
4063;17157686
4064;36778504
4065;34396913
4066;9281476
4067;12722062
4068;11338193
4069;19189307
4070;34722795
4071;12985871
4072;18323217
4073;20090846
4074;24072781
4075;20511463
4076;16268662
4077;15196602
4078;31748460
4079;29012451
4080;11073169
4081;18268131
4082;15198428
4083;12642544
4084;12441327
4085;28861597
4086;6398681
4087;44694681
4088;27357143
4089;14765295
4090;10004162
4091;2379322
4092;21306661
4093;13294652
4094;21865888
4095;2522334
4096;6728597
4097;12586202
4098;16204163
4099;16136500
4100;24999802
4101;16370097
4102;18447004
4103;14167439
4104;8934576
4105;11931545
4106;12934234
4107;21109393
4108;9152018
4109;15592064
4110;13097888
4111;13154136
4112;14598751
4113;17724665
4114;10550448
4115;16289875
4116;2309581
4117;22962762
4118;17103588
4119;21222856
4120;22864268
4121;24602667
4122;28473865
4123;39016424
4124;17957951
4125;24761529
4126;18298316
4127;14376500
4128;9443988
4129;19360515
4130;23628059
4131;27605394
4132;11612523
4133;29538123
4134;18124300
4135;16101622
4136;13714348
4137;17804056
4138;16923160
4139;18724105
4140;14611480
4141;7678766
4142;10906494
4143;22227843
4144;23846735
4145;8174262
4146;9807617
4147;22627738
4148;21853090
4149;19319636
4150;17883980
4151;22786113
4152;11612142
4153;10936052
4154;8062181
4155;21125830
4156;9941475
4157;24004390
4158;11454386
4159;11687865
4160;23684128
4161;8771233
4162;16508886
4163;24574031
4164;6912902
4165;24792817
4166;5271643
4167;13882236
4168;14804757
4169;10710886
4170;22228213
4171;16000509
4172;32355595
4173;19192043
4174;40899405
4175;10441593
4176;7324006
4177;8553483
4178;16244372
4179;12430937
4180;16343142
4181;13082556
4182;16931753
4183;13698495
4184;9205794
4185;10385287
4186;28605150
4187;11109514
4188;28330567
4189;9508586
4190;28873975
4191;27294441
4192;30717631
4193;10543534
4194;15290716
4195;21974655
4196;8062805
4197;9602647
4198;8958222
4199;26626909
4200;6228320
4201;10635268
4202;13394130
4203;21854965
4204;29975704
4205;16618022
4206;14089390
4207;6453362
4208;12955645
4209;16540359
4210;18998232
4211;16267052
4212;16883838
4213;14400564
4214;22358000
4215;5253040
4216;27756753
4217;30643060
4218;10409902
4219;28483431
4220;38679272
4221;10909318
4222;15365119
4223;35228639
4224;10627603
4225;12891080
4226;19882646
4227;22733496
4228;8750394
4229;22564952
4230;23498325
4231;12243072
4232;13259868
4233;10517542
4234;10494861
4235;19546048
4236;23970148
4237;15935860
4238;21229907
4239;10056302
4240;35980273
4241;13549404
4242;20377432
4243;32552240
4244;26835447
4245;22872500
4246;6975483
4247;26363282
4248;18912987
4249;11780327
4250;39674858
4251;25898141
4252;18988025
4253;12585397
4254;17447304
4255;21794000
4256;15689940
4257;32964274
4258;22499415
4259;20839174
4260;8619870
4261;13646762
4262;6493427
4263;14653144
4264;8185500
4265;18305575
4266;11090239
4267;5455790
4268;7376484
4269;9586651
4270;7585337
4271;7383047
4272;5083133
4273;14352420
4274;22061579
4275;19288475
4276;24598442
4277;14857560
4278;29696770
4279;28268532
4280;20572368
4281;14748157
4282;13674412
4283;11054110
4284;24527420
4285;29514187
4286;21034018
4287;36213980
4288;6498990
4289;8937357
4290;13196856
4291;15168119
4292;33607530
4293;17848660
4294;9999873
4295;13728986
4296;7766650
4297;21252484
4298;44175312
4299;4526368
4300;36679865
4301;13553897
4302;28711669
4303;21788835
4304;9636460
4305;14345693
4306;6918686
4307;22587369
4308;14359675
4309;29280690
4310;20787256
4311;23997884
4312;46239478
4313;19135041
4314;14091246
4315;9587115
4316;14239121
4317;17877320
4318;7723093
4319;11870138
4320;16331366
4321;42207940
4322;30407202
4323;5155733
4324;4486090
4325;22730247
4326;8602069
4327;20748664
4328;24728448
4329;15821805
4330;9717213
4331;22995074
4332;12992037
4333;11862568
4334;13130862
4335;33236816
4336;9407380
4337;26015241
4338;17787798
4339;24234768
4340;18733091
4341;16519977
4342;13047736
4343;24751453
4344;13639553
4345;30134332
4346;15315007
4347;11456330
4348;19861630
4349;8080138
4350;23022707
4351;12513681
4352;9978863
4353;18290129
4354;16485624
4355;11801143
4356;8327625
4357;19948721
4358;12218577
4359;25146526
4360;12926867
4361;8600019
4362;20265605
4363;14967229
4364;34150120
4365;20576375
4366;27229533
4367;19448467
4368;39421094
4369;28606040
4370;26127731
4371;15605227
4372;29974569
4373;16372830
4374;18003609
4375;18862358
4376;26927410
4377;14586958
4378;27262993
4379;10387200
4380;13035657
4381;6940126
4382;10401940
4383;39492328
4384;24613715
4385;25635614
4386;31788165
4387;11795023
4388;26929213
4389;25742578
4390;5936725
4391;12403361
4392;10174674
4393;34721215
4394;7259650
4395;15817050
4396;27969722
4397;12117251
4398;25037148
4399;20804756
4400;10030588
4401;16409942
4402;5249979
4403;17703872
4404;19416060
4405;17612857
4406;22576167
4407;16123388
4408;12784012
4409;22891602
4410;12617577
4411;13398338
4412;18680636
4413;22651980
4414;9778460
4415;11245363
4416;9634320
4417;22707457
4418;14569423
4419;23141788
4420;20882387
4421;39335275
4422;5323886
4423;24884400
4424;13115788
4425;15868666
4426;13679517
4427;50958213
4428;19682004
4429;11815456
4430;20414570
4431;23353191
4432;14262936
4433;23906646
4434;16994717
4435;16783692
4436;12518931
4437;14752025
4438;24877362
4439;15823936
4440;14089955
4441;16386486
4442;77453951
4443;12857068
4444;16488742
4445;14698596
4446;23253210
4447;18698700
4448;22470744
4449;22164444
4450;11232862
4451;16512540
4452;20095327
4453;36201746
4454;12342363
4455;27675128
4456;27391208
4457;17750265
4458;7360565
4459;14291224
4460;23324680
4461;12372473
4462;28938001
4463;5400650
4464;10568848
4465;30263715
4466;14074350
4467;16688002
4468;15434925
4469;20744644
4470;14294397
4471;20837230
4472;14018895
4473;16568152
4474;13470848
4475;13204300
4476;24707023
4477;14470863
4478;16864382
4479;30832263
4480;19170547
4481;12761242
4482;9415089
4483;31440430
4484;19947710
4485;16404680
4486;22016971
4487;19182087
4488;15574294
4489;11701509
4490;9124730
4491;16852800
4492;14241551
4493;8724924
4494;15447045
4495;14884853
4496;11357576
4497;14116982
4498;15630663
4499;12777542
4500;5584973
4501;7903741
4502;8145218
4503;6600610
4504;44487610
4505;11337993
4506;25726772
4507;18109119
4508;21449410
4509;6310851
4510;26742096
4511;17799334
4512;29742440
4513;12541161
4514;17270300
4515;23449400
4516;14727027
4517;6684630
4518;14298088
4519;40556450
4520;17557012
4521;16251907
4522;20808391
4523;30023004
4524;26586090
4525;19482995
4526;13758778
4527;5374973
4528;12707856
4529;13107413
4530;7624811
4531;21526531
4532;28743762
4533;16328678
4534;8225884
4535;16663044
4536;16797263
4537;19516079
4538;21996692
4539;10107123
4540;16017280
4541;32551377
4542;19175869
4543;31696031
4544;24825789
4545;9289783
4546;9918083
4547;11435536
4548;12969769
4549;18206688
4550;23413775
4551;30565726
4552;19819750
4553;22359725
4554;25667789
4555;15389386
4556;10860739
4557;6124986
4558;25466503
4559;21207465
4560;9175913
4561;14370026
4562;14409465
4563;6501617
4564;18022617
4565;12555381
4566;24339847
4567;8730105
4568;32747842
4569;20565807
4570;14840787
4571;13988154
4572;31577322
4573;17039175
4574;30041663
4575;16372758
4576;35478406
4577;18370640
4578;14230408
4579;19854601
4580;21014913
4581;11021718
4582;11469370
4583;14180307
4584;22187141
4585;33760707
4586;11645918
4587;22920447
4588;10212708
4589;14200452
4590;20864259
4591;11774583
4592;21502476
4593;15295516
4594;22494761
4595;19981225
4596;20573184
4597;18140364
4598;14852919
4599;41847006
4600;23869035
4601;17391502
4602;18766493
4603;10985143
4604;20223042
4605;20364173
4606;31041071
4607;4065772
4608;34528559
4609;19210320
4610;5258194
4611;6486117
4612;16528567
4613;22925468
4614;7106381
4615;9332046
4616;17477916
4617;14489332
4618;10703771
4619;11785553
4620;12469021
4621;16056213
4622;29355291
4623;17854435
4624;11644886
4625;8179752
4626;19002320
4627;20095225
4628;10545786
4629;22242582
4630;30720475
4631;4133573
4632;13787400
4633;26612240
4634;31220334
4635;14283276
4636;15819550
4637;17980687
4638;15587096
4639;10962146
4640;17183337
4641;14645571
4642;24869631
4643;15655628
4644;23461594
4645;18082226
4646;23435457
4647;18232186
4648;11684076
4649;9279193
4650;23052142
4651;9263387
4652;17000338
4653;24094542
4654;24291387
4655;15612662
4656;26012170
4657;25158868
4658;22918200
4659;16904791
4660;5735989
4661;10977307
4662;5443111
4663;21197539
4664;20466323
4665;12364985
4666;10353302
4667;15571495
4668;28155396
4669;28161306
4670;13025741
4671;16955406
4672;17511118
4673;19649942
4674;17299790
4675;28883926
4676;22861502
4677;13866897
4678;24742761
4679;16475388
4680;20940800
4681;17305455
4682;10892382
4683;29515422
4684;11399097
4685;17908300
4686;13989739
4687;4802336
4688;11558958
4689;24971963
4690;29337057
4691;10583243
4692;30843947
4693;11077332
4694;12059429
4695;7324716
4696;6918096
4697;10610689
4698;15753455
4699;28325651
4700;9908852
4701;17616493
4702;10789190
4703;23057459
4704;18186907
4705;14176242
4706;12417632
4707;9923660
4708;40788825
4709;23694266
4710;15291581
4711;14062086
4712;8125970
4713;10353253
4714;28596986
4715;26010600
4716;17467504
4717;15573222
4718;29893836
4719;8402740
4720;29376025
4721;27793091
4722;12663820
4723;10793730
4724;9874819
4725;9701540
4726;8768407
4727;10873251
4728;4245026
4729;32310115
4730;3514882
4731;18379015
4732;19221986
4733;16483260
4734;3641900
4735;13990030
4736;24315414
4737;18024509
4738;12291012
4739;23701034
4740;12853160
4741;23009662
4742;22994411
4743;36242384
4744;12277266
4745;23497297
4746;16211613
4747;15490598
4748;14797923
4749;25696606
4750;21697652
4751;12859314
4752;19161376
4753;13874167
4754;19114371
4755;20333204
4756;24869385
4757;19994927
4758;27544780
4759;8916730
4760;6323892
4761;24670707
4762;28344300
4763;19169338
4764;26161630
4765;12497148
4766;11470354
4767;7524695
4768;3458891
4769;10249765
4770;17587506
4771;3144918
4772;14204751
4773;15819885
4774;9011402
4775;22917049
4776;14263075
4777;18509532
4778;12133886
4779;23380934
4780;27796436
4781;10769274
4782;15513243
4783;17201682
4784;29307129
4785;31738780
4786;18801518
4787;16290436
4788;30598183
4789;11164210
4790;19982024
4791;10506655
4792;15234743
4793;27988971
4794;24324358
4795;8142168
4796;16428778
4797;4244711
4798;11615920
4799;11720960
4800;15347518
4801;20156054
4802;14835855
4803;22698740
4804;3043025
4805;4434384
4806;19080320
4807;20924076
4808;6896592
4809;30716391
4810;22650186
4811;21890075
4812;19601076
4813;3764673
4814;12566063
4815;19848798
4816;22786700
4817;24093303
4818;9092639
4819;16830860
4820;2282244
4821;24503125
4822;26098686
4823;8666097
4824;2957747
4825;10112373
4826;10328710
4827;16058270
4828;13060650
4829;17115370
4830;29599915
4831;21267184
4832;11667445
4833;6413195
4834;15940962
4835;33191859
4836;24387697
4837;23596450
4838;14206386
4839;15857156
4840;25318895
4841;36378867
4842;28134691
4843;14874494
4844;17705458
4845;24606985
4846;10518496
4847;7519207
4848;14637387
4849;10034236
4850;23282763
4851;19909561
4852;19814324
4853;24718765
4854;10834791
4855;27555204
4856;11330492
4857;7462514
4858;15610895
4859;28677304
4860;20922506
4861;9724348
4862;16393941
4863;10434775
4864;5955473
4865;13143072
4866;19314388
4867;30589600
4868;10839571
4869;26613919
4870;11390451
4871;27733443
4872;18694725
4873;14943966
4874;8707180
4875;27384544
4876;19851776
4877;13694675
4878;18209080
4879;8994055
4880;16492396
4881;9379528
4882;23107589
4883;19117352
4884;38508718
4885;5491569
4886;21053939
4887;18503934
4888;12233837
4889;24410829
4890;12804543
4891;10474250
4892;13485522
4893;14132239
4894;19549083
4895;8651681
4896;8192045
4897;29469417
4898;15914840
4899;13825252
4900;20661682
4901;16526100
4902;22338056
4903;17916220
4904;13754355
4905;19807620
4906;24334044
4907;10410985
4908;14426734
4909;14478945
4910;16728352
4911;14576281
4912;4255642
4913;24157313
4914;14413941
4915;15672254
4916;11095160
4917;24181028
4918;18168194
4919;12432888
4920;29381825
4921;18619609
4922;28400921
4923;17417769
4924;43389592
4925;15123082
4926;9243034
4927;28591664
4928;6857143
4929;15450708
4930;7475313
4931;19487735
4932;19260765
4933;10915443
4934;18504191
4935;6564431
4936;10225447
4937;26698773
4938;11569351
4939;12089618
4940;17163085
4941;16272131
4942;6078423
4943;22630048
4944;13456977
4945;28270058
4946;19867789
4947;13397186
4948;24072611
4949;11928623
4950;14303242
4951;11629256
4952;8743264
4953;17793377
4954;31131453
4955;18432163
4956;19910326
4957;17648181
4958;30404540
4959;18128641
4960;8819983
4961;8248944
4962;25848023
4963;29105994
4964;11753515
4965;11120100
4966;19442782
4967;33536461
4968;11958120
4969;9655754
4970;16137171
4971;7644400
4972;16636630
4973;12609563
4974;22521762
4975;28270521
4976;10814721
4977;14206517
4978;10002118
4979;10795893
4980;17263493
4981;11655625
4982;4200000
4983;27120170
4984;13284101
4985;10886705
4986;11393761
4987;16669577
4988;31618442
4989;8832251
4990;22825453
4991;8092028
4992;6640530
4993;17311112
4994;3583247
4995;3852334
4996;29458206
4997;27113312
4998;15776511
4999;17278316
