0;134236
1;219564
2;59596
3;210938
4;286570
5;199752
6;237741
7;273727
8;305496
9;367541
10;63055
11;110703
12;94930
13;118768
14;123043
15;97646
16;31707
17;139768
18;52631
19;82484
20;512488
21;92720
22;128888
23;214714
24;29502
25;291630
26;68949
27;342567
28;65585
29;120712
30;246680
31;50159
32;120659
33;9002
34;62770
35;207533
36;343080
37;105774
38;130822
39;34143
40;208122
41;42733
42;159271
43;169866
44;90446
45;178958
46;356498
47;371623
48;189162
49;52181
50;189900
51;60101
52;176283
53;112416
54;52366
55;222850
56;124472
57;166166
58;287692
59;373843
60;95941
61;56019
62;53604
63;242096
64;99055
65;166251
66;125160
67;90394
68;55519
69;95874
70;50309
71;135606
72;238344
73;260107
74;151619
75;250926
76;119108
77;135847
78;45556
79;209896
80;18695
81;82355
82;252504
83;50016
84;65170
85;200417
86;62564
87;134480
88;161765
89;27914
90;94329
91;42251
92;267541
93;206959
94;185158
95;150890
96;200972
97;271332
98;417978
99;165019
100;195340
101;123046
102;95467
103;73497
104;9573
105;148212
106;83300
107;52858
108;276750
109;245025
110;185080
111;79897
112;192284
113;102366
114;52848
115;249986
116;155792
117;176718
118;38943
119;294273
120;135866
121;291832
122;113896
123;58847
124;28395
125;237703
126;63298
127;243245
128;440146
129;35814
130;160364
131;83450
132;124289
133;31709
134;48682
135;36556
136;326759
137;453711
138;96676
139;181361
140;508548
141;48926
142;90945
143;119803
144;43847
145;120031
146;49751
147;91748
148;117578
149;82467
150;222605
151;115829
152;212717
153;132402
154;276417
155;240502
156;84337
157;103327
158;110356
159;28135
160;92465
161;233052
162;116605
163;48737
164;62627
165;50166
166;222571
167;84996
168;153993
169;176076
170;106764
171;59672
172;172955
173;117501
174;100631
175;16022
176;104954
177;190469
178;122960
179;171983
180;106800
181;214471
182;104696
183;75415
184;143513
185;196215
186;157708
187;149068
188;258552
189;214916
190;53282
191;171326
192;101513
193;103328
194;177830
195;329497
196;114885
197;65830
198;180187
199;61668
200;94696
201;111760
202;187781
203;126322
204;176636
205;91720
206;407293
207;274227
208;82434
209;70943
210;135806
211;144910
212;356989
213;70487
214;156820
215;58326
216;210881
217;135187
218;97479
219;142491
220;69593
221;116486
222;171525
223;103483
224;81304
225;72590
226;62062
227;93751
228;48141
229;224258
230;37803
231;186301
232;62102
233;85450
234;470151
235;197594
236;186935
237;122782
238;53770
239;99150
240;142330
241;209793
242;61739
243;71416
244;132403
245;348077
246;377595
247;207102
248;63046
249;224951
250;65416
251;63732
252;62916
253;82776
254;319807
255;250366
256;19743
257;87026
258;23879
259;49569
260;48630
261;105032
262;38835
263;24497
264;156890
265;255751
266;204534
267;54291
268;28580
269;87163
270;186952
271;70354
272;649570
273;55708
274;327548
275;627234
276;100900
277;192998
278;70883
279;112241
280;155216
281;130206
282;113127
283;16213
284;251668
285;150560
286;218026
287;100248
288;62347
289;212037
290;128250
291;48117
292;41486
293;242488
294;206906
295;74940
296;95358
297;60400
298;59244
299;78475
300;140767
301;271192
302;94880
303;131658
304;188108
305;53775
306;171156
307;127845
308;162370
309;69995
310;186008
311;94390
312;331116
313;95488
314;74507
315;116136
316;385937
317;242126
318;94650
319;215122
320;149894
321;211543
322;585701
323;159937
324;119434
325;188743
326;73084
327;303667
328;105292
329;200325
330;75034
331;73509
332;209052
333;150662
334;128961
335;317049
336;131514
337;52484
338;89370
339;34154
340;286718
341;72596
342;213618
343;85580
344;115572
345;233338
346;184902
347;104863
348;89894
349;82006
350;132526
351;137254
352;89426
353;413700
354;88320
355;83503
356;395767
357;58586
358;449519
359;143479
360;118907
361;94097
362;136201
363;229840
364;58169
365;63377
366;78118
367;92673
368;304403
369;267460
370;136881
371;228239
372;53334
373;163298
374;132360
375;45788
376;87540
377;28539
378;292445
379;195441
380;91986
381;86917
382;110051
383;150307
384;35388
385;82050
386;102023
387;153648
388;117369
389;157295
390;188065
391;140138
392;163225
393;43385
394;126895
395;113292
396;93931
397;33695
398;61579
399;89968
400;245366
401;98347
402;133535
403;222088
404;203152
405;70756
406;107853
407;165358
408;52432
409;167162
410;75850
411;98826
412;28221
413;164578
414;255610
415;209952
416;173413
417;290891
418;34265
419;60184
420;139703
421;102025
422;33214
423;213274
424;35722
425;151913
426;383121
427;124438
428;74123
429;340971
430;85800
431;68986
432;81113
433;72277
434;108260
435;146616
436;227195
437;310041
438;198552
439;99298
440;101662
441;77522
442;168627
443;327203
444;244375
445;229483
446;135661
447;173829
448;65784
449;107416
450;54394
451;91534
452;206835
453;172660
454;47776
455;301855
456;9039
457;73007
458;114227
459;351571
460;230444
461;147304
462;117190
463;114153
464;327285
465;110361
466;158787
467;98130
468;108944
469;104516
470;119500
471;107732
472;252620
473;101044
474;22346
475;819906
476;148035
477;60231
478;98885
479;99585
480;107355
481;38481
482;180979
483;23484
484;419738
485;274553
486;101612
487;118636
488;187128
489;130898
490;253338
491;166426
492;140231
493;26089
494;32482
495;166150
496;160920
497;115577
498;82730
499;110453
500;108470
501;62318
502;124350
503;119125
504;148895
505;67521
506;59649
507;246545
508;162094
509;341685
510;247594
511;117047
512;218206
513;54575
514;507067
515;53943
516;129890
517;333401
518;55785
519;282026
520;191876
521;181710
522;158422
523;112204
524;115575
525;82341
526;64034
527;133634
528;197648
529;140637
530;28204
531;73726
532;75255
533;181154
534;142890
535;96315
536;506352
537;18520
538;166292
539;182101
540;154711
541;511685
542;120120
543;176149
544;195105
545;23213
546;201134
547;237532
548;175635
549;195559
550;195150
551;63951
552;33815
553;104727
554;108785
555;129886
556;177580
557;114686
558;135840
559;18021
560;223428
561;243286
562;30364
563;53742
564;186880
565;57979
566;38503
567;296960
568;59177
569;359319
570;147271
571;117903
572;87765
573;137768
574;135578
575;56470
576;91964
577;341921
578;180938
579;117349
580;113620
581;132125
582;75226
583;135692
584;96240
585;88211
586;143958
587;134128
588;106211
589;42090
590;232143
591;69104
592;213336
593;170392
594;120423
595;47150
596;48879
597;14516
598;119624
599;129184
600;89597
601;41575
602;89663
603;169332
604;211229
605;284410
606;169833
607;266530
608;53514
609;182494
610;142169
611;67341
612;55265
613;117532
614;54072
615;260370
616;400689
617;122405
618;122580
619;109024
620;240541
621;164921
622;57790
623;99039
624;244130
625;86956
626;159129
627;234555
628;339155
629;163843
630;78536
631;130182
632;95071
633;234500
634;53982
635;131242
636;42028
637;90274
638;229964
639;100122
640;15879
641;45485
642;178702
643;216718
644;67422
645;94002
646;121103
647;86864
648;188603
649;143350
650;166946
651;90200
652;256590
653;235419
654;150931
655;105597
656;78354
657;99366
658;118752
659;407492
660;102625
661;133860
662;122739
663;20127
664;61410
665;57281
666;91420
667;60140
668;121636
669;242940
670;266356
671;22544
672;120758
673;184001
674;77967
675;149571
676;158642
677;424687
678;170241
679;116489
680;62564
681;161571
682;44739
683;329316
684;83220
685;234327
686;113554
687;231854
688;109674
689;193385
690;304834
691;151840
692;70342
693;155590
694;131332
695;188357
696;133467
697;207425
698;23382
699;219202
700;41686
701;178485
702;45593
703;116111
704;156145
705;145346
706;217906
707;46890
708;100211
709;74270
710;66927
711;204514
712;129845
713;497340
714;58969
715;93036
716;329968
717;150536
718;132170
719;23844
720;164101
721;363663
722;58156
723;98309
724;431892
725;94316
726;79750
727;89344
728;33555
729;54216
730;148460
731;6911
732;380118
733;237430
734;237372
735;93544
736;177377
737;234238
738;87928
739;308107
740;128150
741;147458
742;343013
743;6782
744;38795
745;266747
746;54335
747;268885
748;822781
749;156952
750;74904
751;210948
752;79350
753;133964
754;183082
755;190402
756;138925
757;190493
758;93382
759;111584
760;180031
761;250563
762;41752
763;60177
764;51942
765;117538
766;162291
767;205504
768;127624
769;116450
770;73327
771;99978
772;44034
773;160616
774;403456
775;324796
776;99307
777;187833
778;59376
779;108963
780;119367
781;75514
782;22432
783;49491
784;43030
785;87095
786;236702
787;152475
788;203571
789;34558
790;172156
791;46926
792;101909
793;89123
794;325784
795;590963
796;229420
797;179598
798;146906
799;85533
800;15822
801;165532
802;129209
803;92293
804;65069
805;122516
806;179962
807;120158
808;108772
809;72053
810;131408
811;84490
812;77550
813;216054
814;16079
815;200571
816;140208
817;283776
818;78031
819;33863
820;198486
821;18272
822;340465
823;564667
824;130066
825;69860
826;307918
827;238589
828;109601
829;393134
830;326592
831;179492
832;278615
833;146108
834;145230
835;67140
836;243012
837;138205
838;59534
839;116668
840;75803
841;80923
842;267396
843;168384
844;22901
845;190362
846;215625
847;75283
848;73039
849;63719
850;54421
851;228887
852;334294
853;79304
854;170124
855;320970
856;164295
857;82322
858;27677
859;71400
860;79063
861;100580
862;105035
863;78964
864;397745
865;75846
866;120190
867;169227
868;60510
869;99191
870;259532
871;153635
872;197687
873;154778
874;101561
875;142905
876;47359
877;161836
878;36789
879;89551
880;167446
881;128129
882;133847
883;320594
884;233382
885;190848
886;206401
887;131334
888;297957
889;417072
890;214079
891;106046
892;233519
893;287141
894;193715
895;78422
896;50002
897;226212
898;221106
899;537036
900;199100
901;49442
902;169541
903;119445
904;28487
905;30059
906;48523
907;137238
908;176326
909;72095
910;41896
911;173898
912;216715
913;94077
914;104913
915;101271
916;79032
917;54123
918;195184
919;121242
920;138070
921;111445
922;58865
923;243300
924;150041
925;66724
926;92238
927;79469
928;105610
929;86571
930;514378
931;81017
932;147320
933;141276
934;163594
935;182711
936;142475
937;75337
938;190581
939;192434
940;56080
941;112159
942;292598
943;176627
944;334681
945;257867
946;109508
947;107094
948;101507
949;122072
950;323296
951;290042
952;124686
953;56557
954;135523
955;137335
956;255712
957;361842
958;75692
959;85941
960;161891
961;154016
962;175854
963;6476
964;105995
965;151089
966;85568
967;41772
968;147452
969;260898
970;59792
971;60271
972;95976
973;35118
974;345897
975;52147
976;73508
977;10562
978;32722
979;137896
980;38086
981;82024
982;76057
983;171439
984;181539
985;168409
986;76392
987;98537
988;69337
989;10698
990;66662
991;258236
992;166698
993;107346
994;291880
995;149694
996;53466
997;230171
998;362215
999;143698
1000;201957
1001;157780
1002;174356
1003;60040
1004;47820
1005;158566
1006;127369
1007;48204
1008;86468
1009;288810
1010;166522
1011;168535
1012;97505
1013;253548
1014;74481
1015;43455
1016;167671
1017;337472
1018;181993
1019;117970
1020;48218
1021;141959
1022;235666
1023;74256
1024;161215
1025;395125
1026;235808
1027;281238
1028;87120
1029;84772
1030;159437
1031;28802
1032;12457
1033;394167
1034;152167
1035;114076
1036;59217
1037;135938
1038;47416
1039;197153
1040;194390
1041;52450
1042;103625
1043;69728
1044;463717
1045;13922
1046;357215
1047;169565
1048;286252
1049;103150
1050;66984
1051;230397
1052;228662
1053;174725
1054;166550
1055;186650
1056;143319
1057;118674
1058;37739
1059;48481
1060;481991
1061;69271
1062;263767
1063;392537
1064;90267
1065;168680
1066;151345
1067;24811
1068;76180
1069;766178
1070;175512
1071;219453
1072;120646
1073;85740
1074;97963
1075;97291
1076;65895
1077;293800
1078;618163
1079;54498
1080;308001
1081;36446
1082;301544
1083;55416
1084;66973
1085;210819
1086;41072
1087;116321
1088;106497
1089;51787
1090;85554
1091;398210
1092;174339
1093;65730
1094;86924
1095;117762
1096;42433
1097;157841
1098;123518
1099;48242
1100;63080
1101;151595
1102;76581
1103;265485
1104;34313
1105;68035
1106;226207
1107;250451
1108;87662
1109;105697
1110;64342
1111;272340
1112;33680
1113;180717
1114;36978
1115;30321
1116;115675
1117;157659
1118;15418
1119;202440
1120;38215
1121;150244
1122;195182
1123;93213
1124;81261
1125;96478
1126;384832
1127;64875
1128;76559
1129;55742
1130;30762
1131;126859
1132;109185
1133;79979
1134;77800
1135;103652
1136;412561
1137;146861
1138;230386
1139;221170
1140;173065
1141;316742
1142;81533
1143;105803
1144;115652
1145;84224
1146;168176
1147;57061
1148;98862
1149;90343
1150;155936
1151;195434
1152;126557
1153;245489
1154;143406
1155;69933
1156;269929
1157;167944
1158;82934
1159;35541
1160;25101
1161;122721
1162;42918
1163;395819
1164;43196
1165;202574
1166;154685
1167;226246
1168;48834
1169;90876
1170;253662
1171;182768
1172;53211
1173;71613
1174;383981
1175;114280
1176;273058
1177;71545
1178;165589
1179;183027
1180;72390
1181;88607
1182;25365
1183;94554
1184;35968
1185;132544
1186;93353
1187;209892
1188;131891
1189;173744
1190;98362
1191;58819
1192;89397
1193;15086
1194;237254
1195;130350
1196;110700
1197;109944
1198;13872
1199;56188
1200;204615
1201;37807
1202;82702
1203;80138
1204;154341
1205;9820
1206;345394
1207;164550
1208;194901
1209;192134
1210;97316
1211;293985
1212;66963
1213;28325
1214;183206
1215;160443
1216;139080
1217;13322
1218;227850
1219;25429
1220;180147
1221;352532
1222;177313
1223;94395
1224;134145
1225;322936
1226;137444
1227;207213
1228;103555
1229;147358
1230;388883
1231;118087
1232;140521
1233;152752
1234;74088
1235;323160
1236;42946
1237;89424
1238;201935
1239;74432
1240;368340
1241;161138
1242;118424
1243;28189
1244;261743
1245;80739
1246;261267
1247;91791
1248;60704
1249;98082
1250;145870
1251;34195
1252;357873
1253;219721
1254;314327
1255;81850
1256;466613
1257;40328
1258;31015
1259;89915
1260;56849
1261;294263
1262;301892
1263;390721
1264;361096
1265;116629
1266;46095
1267;168005
1268;89275
1269;370083
1270;67886
1271;208060
1272;97777
1273;84126
1274;139646
1275;205556
1276;117916
1277;172622
1278;136051
1279;66083
1280;156728
1281;53112
1282;137396
1283;240276
1284;76526
1285;79750
1286;205214
1287;58095
1288;138452
1289;34477
1290;176551
1291;664419
1292;109357
1293;427743
1294;145846
1295;129914
1296;93330
1297;50289
1298;72704
1299;184155
1300;108643
1301;223935
1302;162295
1303;59815
1304;181232
1305;95067
1306;282923
1307;91365
1308;160119
1309;69247
1310;255010
1311;354563
1312;150983
1313;118134
1314;149050
1315;136362
1316;146225
1317;205633
1318;83200
1319;222186
1320;170075
1321;428982
1322;136644
1323;349342
1324;128355
1325;34172
1326;77495
1327;112311
1328;77812
1329;139791
1330;68201
1331;95012
1332;75830
1333;189678
1334;66477
1335;173076
1336;251101
1337;246616
1338;322781
1339;143940
1340;29323
1341;284313
1342;143261
1343;118633
1344;232914
1345;107583
1346;112782
1347;83770
1348;149046
1349;79355
1350;234995
1351;64255
1352;131754
1353;81176
1354;116442
1355;83644
1356;138927
1357;39585
1358;226227
1359;139566
1360;107864
1361;96893
1362;284071
1363;176151
1364;259037
1365;430561
1366;119961
1367;108168
1368;121260
1369;98156
1370;471468
1371;240260
1372;133978
1373;120364
1374;91605
1375;107419
1376;327764
1377;129296
1378;272044
1379;114818
1380;392489
1381;84122
1382;116137
1383;80626
1384;283036
1385;193689
1386;34160
1387;196315
1388;210302
1389;130096
1390;96501
1391;120513
1392;433960
1393;322400
1394;110868
1395;257336
1396;59794
1397;187341
1398;327736
1399;160660
1400;139814
1401;164803
1402;170729
1403;127795
1404;158705
1405;219459
1406;86585
1407;44646
1408;55661
1409;66091
1410;92957
1411;69792
1412;244907
1413;5804
1414;196837
1415;69835
1416;119515
1417;162269
1418;82164
1419;59518
1420;544614
1421;122508
1422;42026
1423;117573
1424;33959
1425;92926
1426;75589
1427;98078
1428;264663
1429;87295
1430;167175
1431;362908
1432;241157
1433;327898
1434;70780
1435;65141
1436;68224
1437;42019
1438;110468
1439;182784
1440;268701
1441;183410
1442;91129
1443;429498
1444;39842
1445;243522
1446;161064
1447;182722
1448;156398
1449;120011
1450;20051
1451;103210
1452;137869
1453;207949
1454;177444
1455;197945
1456;125690
1457;108986
1458;100416
1459;106581
1460;26986
1461;155854
1462;282503
1463;49610
1464;292024
1465;54526
1466;221718
1467;53896
1468;70472
1469;122198
1470;161584
1471;182712
1472;138742
1473;193332
1474;144322
1475;66979
1476;117604
1477;25806
1478;311105
1479;137940
1480;81832
1481;29776
1482;300970
1483;121189
1484;30832
1485;44195
1486;145178
1487;40675
1488;45671
1489;151437
1490;114358
1491;108958
1492;127605
1493;134187
1494;50972
1495;182937
1496;61628
1497;181766
1498;50932
1499;191911
1500;104907
1501;573333
1502;54174
1503;196331
1504;160507
1505;184127
1506;73243
1507;52288
1508;377447
1509;442106
1510;65884
1511;186837
1512;69791
1513;97428
1514;89446
1515;322667
1516;82834
1517;126377
1518;24550
1519;127440
1520;74877
1521;99286
1522;214496
1523;291678
1524;256933
1525;196554
1526;156828
1527;22428
1528;188426
1529;7926
1530;51931
1531;183112
1532;45584
1533;307457
1534;179680
1535;39509
1536;144304
1537;79827
1538;359429
1539;168411
1540;149073
1541;136508
1542;74873
1543;184819
1544;142700
1545;384810
1546;113981
1547;152073
1548;131041
1549;173312
1550;173779
1551;27433
1552;170753
1553;81110
1554;7057
1555;152426
1556;40252
1557;32186
1558;74813
1559;386913
1560;23996
1561;169947
1562;291777
1563;68021
1564;141546
1565;88031
1566;142749
1567;96754
1568;258961
1569;118538
1570;82272
1571;246364
1572;115605
1573;311768
1574;74255
1575;151757
1576;68677
1577;35337
1578;171691
1579;280863
1580;305032
1581;408458
1582;147768
1583;314898
1584;170745
1585;79753
1586;44657
1587;180201
1588;53920
1589;426380
1590;82052
1591;133078
1592;136137
1593;110298
1594;425306
1595;184257
1596;95826
1597;132609
1598;374956
1599;146248
1600;330411
1601;77833
1602;202054
1603;69881
1604;112780
1605;258091
1606;53101
1607;108904
1608;32021
1609;443338
1610;56487
1611;63246
1612;84626
1613;96889
1614;137631
1615;61686
1616;88608
1617;96990
1618;129526
1619;518717
1620;102883
1621;81953
1622;324623
1623;171503
1624;201086
1625;100791
1626;123582
1627;134406
1628;131916
1629;261955
1630;122412
1631;140720
1632;74465
1633;41126
1634;6652
1635;103071
1636;157841
1637;332586
1638;96787
1639;232536
1640;268575
1641;9758
1642;203063
1643;92420
1644;73988
1645;160757
1646;259642
1647;207646
1648;203058
1649;116895
1650;59804
1651;9612
1652;165770
1653;193942
1654;223552
1655;241262
1656;116325
1657;121680
1658;293124
1659;127725
1660;279131
1661;141528
1662;248876
1663;196075
1664;57582
1665;265454
1666;53711
1667;309547
1668;116174
1669;156268
1670;236904
1671;112852
1672;173286
1673;379957
1674;68032
1675;194713
1676;61627
1677;129254
1678;165736
1679;266334
1680;136151
1681;46924
1682;379704
1683;29529
1684;387983
1685;260331
1686;37808
1687;217592
1688;202547
1689;73641
1690;38021
1691;39620
1692;64392
1693;30954
1694;121817
1695;95731
1696;81582
1697;40836
1698;129718
1699;257367
1700;45329
1701;83786
1702;6165
1703;542229
1704;177687
1705;118900
1706;102976
1707;229334
1708;105333
1709;105371
1710;371206
1711;115365
1712;129906
1713;146720
1714;80918
1715;78326
1716;173815
1717;79026
1718;139890
1719;135663
1720;78695
1721;159290
1722;99841
1723;273221
1724;125559
1725;707749
1726;19895
1727;250197
1728;185685
1729;137992
1730;74578
1731;90334
1732;124663
1733;93631
1734;170707
1735;448703
1736;47139
1737;158668
1738;66182
1739;95873
1740;26704
1741;57645
1742;84092
1743;132431
1744;43253
1745;151401
1746;99061
1747;51545
1748;76797
1749;95492
1750;89110
1751;58994
1752;58771
1753;76603
1754;122480
1755;65158
1756;71782
1757;20750
1758;438428
1759;115765
1760;199493
1761;193563
1762;249104
1763;35245
1764;63970
1765;97356
1766;87776
1767;363313
1768;120402
1769;156791
1770;154620
1771;76756
1772;172665
1773;48232
1774;177780
1775;58059
1776;74970
1777;129024
1778;152649
1779;142919
1780;149107
1781;210875
1782;154395
1783;27014
1784;284267
1785;102474
1786;120624
1787;112246
1788;184164
1789;68818
1790;97914
1791;141505
1792;119948
1793;228370
1794;100145
1795;156300
1796;58053
1797;39188
1798;29665
1799;103231
1800;433300
1801;90233
1802;130290
1803;74540
1804;117441
1805;288250
1806;218645
1807;118053
1808;194845
1809;188933
1810;302008
1811;61936
1812;91240
1813;137022
1814;119763
1815;53663
1816;187339
1817;227834
1818;478758
1819;47618
1820;168193
1821;122212
1822;142926
1823;314374
1824;95858
1825;77598
1826;168707
1827;145069
1828;367241
1829;94043
1830;170757
1831;101896
1832;43181
1833;301811
1834;328053
1835;211859
1836;55129
1837;22108
1838;180182
1839;69444
1840;38985
1841;95368
1842;186530
1843;42557
1844;130459
1845;559327
1846;100274
1847;58918
1848;139691
1849;184217
1850;97937
1851;84413
1852;263008
1853;272157
1854;64473
1855;357759
1856;149078
1857;129906
1858;454756
1859;127181
1860;151154
1861;60742
1862;384373
1863;139376
1864;108272
1865;152705
1866;291217
1867;154374
1868;70641
1869;84365
1870;121482
1871;139188
1872;121491
1873;50005
1874;219327
1875;237528
1876;220562
1877;113848
1878;122079
1879;76060
1880;205688
1881;102876
1882;136830
1883;228482
1884;50670
1885;90172
1886;143784
1887;190553
1888;273645
1889;381065
1890;63527
1891;169075
1892;529439
1893;104717
1894;64716
1895;48501
1896;79764
1897;102774
1898;247316
1899;180378
1900;155382
1901;248906
1902;102629
1903;167228
1904;91134
1905;173810
1906;422576
1907;127802
1908;93814
1909;66247
1910;76245
1911;191757
1912;415285
1913;151368
1914;70347
1915;235867
1916;88468
1917;340378
1918;166540
1919;143333
1920;365760
1921;16776
1922;251691
1923;66772
1924;74061
1925;241731
1926;44794
1927;85672
1928;192609
1929;111725
1930;120108
1931;146235
1932;248777
1933;126280
1934;337948
1935;97916
1936;237167
1937;186534
1938;116849
1939;126996
1940;287974
1941;225282
1942;72357
1943;162432
1944;158958
1945;263678
1946;199656
1947;229946
1948;84415
1949;71181
1950;57610
1951;139604
1952;395597
1953;470518
1954;83214
1955;142942
1956;110478
1957;183173
1958;121671
1959;503831
1960;29726
1961;116134
1962;237324
1963;154685
1964;251023
1965;458125
1966;104983
1967;178646
1968;57396
1969;204104
1970;35763
1971;275215
1972;104759
1973;168316
1974;156118
1975;209278
1976;265002
1977;41182
1978;28500
1979;41633
1980;118328
1981;137700
1982;84344
1983;112091
1984;115938
1985;115377
1986;265006
1987;86518
1988;97037
1989;83773
1990;100962
1991;431747
1992;100541
1993;119286
1994;212776
1995;64174
1996;76985
1997;156849
1998;323527
1999;437309
2000;169663
2001;162410
2002;314343
2003;379467
2004;93775
2005;253454
2006;72535
2007;474548
2008;88720
2009;158609
2010;454423
2011;102602
2012;128887
2013;31980
2014;147631
2015;78295
2016;199123
2017;185841
2018;267303
2019;79462
2020;186080
2021;165147
2022;66291
2023;31568
2024;279377
2025;179900
2026;121011
2027;243136
2028;13183
2029;228824
2030;48228
2031;288367
2032;186935
2033;125882
2034;49645
2035;58507
2036;203481
2037;332674
2038;69364
2039;48826
2040;20468
2041;185169
2042;160382
2043;126394
2044;29226
2045;223421
2046;110509
2047;130346
2048;432761
2049;210145
2050;224046
2051;63642
2052;79902
2053;86762
2054;286842
2055;145639
2056;152437
2057;13800
2058;73625
2059;145606
2060;145290
2061;38414
2062;27759
2063;94777
2064;145746
2065;412439
2066;52280
2067;76719
2068;137506
2069;197111
2070;155831
2071;375603
2072;331588
2073;224596
2074;145145
2075;317247
2076;33355
2077;261955
2078;141866
2079;99914
2080;141815
2081;133774
2082;150134
2083;195090
2084;69062
2085;243676
2086;111370
2087;180975
2088;178436
2089;25773
2090;71673
2091;174850
2092;48542
2093;80030
2094;216952
2095;401398
2096;48125
2097;383788
2098;154142
2099;131394
2100;87572
2101;125615
2102;80601
2103;130384
2104;248180
2105;266844
2106;164482
2107;67461
2108;93787
2109;196212
2110;975337
2111;107189
2112;334550
2113;136912
2114;124867
2115;82663
2116;50029
2117;140277
2118;65914
2119;163252
2120;83568
2121;372573
2122;87005
2123;77482
2124;74980
2125;107310
2126;75065
2127;74503
2128;194583
2129;33070
2130;140340
2131;150708
2132;42980
2133;269895
2134;271376
2135;151905
2136;48531
2137;98672
2138;44118
2139;68376
2140;126733
2141;167847
2142;73788
2143;53133
2144;146070
2145;168875
2146;35011
2147;92581
2148;128288
2149;76742
2150;48063
2151;544360
2152;135744
2153;268954
2154;271626
2155;200062
2156;105526
2157;81134
2158;80334
2159;35757
2160;168898
2161;80814
2162;160530
2163;153647
2164;234740
2165;87325
2166;172778
2167;239036
2168;356753
2169;60097
2170;196564
2171;48728
2172;165775
2173;113060
2174;82010
2175;474256
2176;367960
2177;276608
2178;70829
2179;168344
2180;435489
2181;86447
2182;174353
2183;173887
2184;81826
2185;119869
2186;58907
2187;155961
2188;154929
2189;103803
2190;8486
2191;79214
2192;285888
2193;250469
2194;85843
2195;156248
2196;124138
2197;247813
2198;351117
2199;176150
2200;109283
2201;86594
2202;205803
2203;240850
2204;50937
2205;77890
2206;98248
2207;93325
2208;125289
2209;85732
2210;112394
2211;460971
2212;189084
2213;116392
2214;103097
2215;218404
2216;154193
2217;164562
2218;201705
2219;252277
2220;400869
2221;245832
2222;180058
2223;144238
2224;61749
2225;37632
2226;130516
2227;218181
2228;161196
2229;101383
2230;80286
2231;67369
2232;189956
2233;91856
2234;80431
2235;202516
2236;114558
2237;45088
2238;157453
2239;69760
2240;302522
2241;61224
2242;228181
2243;164498
2244;199236
2245;269851
2246;47875
2247;89224
2248;185521
2249;227834
2250;48969
2251;138105
2252;114523
2253;254459
2254;49868
2255;42345
2256;251242
2257;219406
2258;117834
2259;189008
2260;107160
2261;189709
2262;186626
2263;76030
2264;94986
2265;77119
2266;112449
2267;93630
2268;221380
2269;144454
2270;104412
2271;85041
2272;65000
2273;268564
2274;70712
2275;194232
2276;158358
2277;167358
2278;113450
2279;121224
2280;76698
2281;44157
2282;48903
2283;50206
2284;116168
2285;966003
2286;129384
2287;335779
2288;210721
2289;90282
2290;73084
2291;27009
2292;81231
2293;81627
2294;127328
2295;92243
2296;121090
2297;86305
2298;64025
2299;56836
2300;161118
2301;63286
2302;116040
2303;495430
2304;326316
2305;188055
2306;324815
2307;119613
2308;213310
2309;303946
2310;55036
2311;151477
2312;56405
2313;238135
2314;33171
2315;203666
2316;9882
2317;135909
2318;89004
2319;219178
2320;24808
2321;139313
2322;58005
2323;107676
2324;166759
2325;186975
2326;235452
2327;57576
2328;64541
2329;111447
2330;61290
2331;129870
2332;233022
2333;62757
2334;62713
2335;133264
2336;298933
2337;14600
2338;267998
2339;358653
2340;102877
2341;99641
2342;34907
2343;114396
2344;275272
2345;9718
2346;149670
2347;37797
2348;389613
2349;31042
2350;78524
2351;147693
2352;147537
2353;45684
2354;71343
2355;32709
2356;223643
2357;185768
2358;654337
2359;116351
2360;38522
2361;113880
2362;240746
2363;131959
2364;66289
2365;77744
2366;479305
2367;435332
2368;161266
2369;43206
2370;104185
2371;93310
2372;150406
2373;509042
2374;323113
2375;70361
2376;123214
2377;88480
2378;68006
2379;34100
2380;152381
2381;221057
2382;152772
2383;146589
2384;120747
2385;49224
2386;121574
2387;134595
2388;138603
2389;575074
2390;48225
2391;54276
2392;201478
2393;117550
2394;125075
2395;18890
2396;251998
2397;142690
2398;124997
2399;107437
2400;105533
2401;54625
2402;39805
2403;58896
2404;182230
2405;13200
2406;52462
2407;99084
2408;183364
2409;77425
2410;97409
2411;204712
2412;532793
2413;116550
2414;37934
2415;58929
2416;43913
2417;21073
2418;65220
2419;113668
2420;60261
2421;437596
2422;189922
2423;39706
2424;125624
2425;93083
2426;259611
2427;95645
2428;136085
2429;78246
2430;141473
2431;136548
2432;9661
2433;105828
2434;87110
2435;139712
2436;148311
2437;132967
2438;283086
2439;51943
2440;126863
2441;51235
2442;188300
2443;143091
2444;39458
2445;383312
2446;218129
2447;567500
2448;124334
2449;213087
2450;171256
2451;46390
2452;173476
2453;183021
2454;202445
2455;50186
2456;450798
2457;141196
2458;231836
2459;71033
2460;31673
2461;167121
2462;171082
2463;240456
2464;137829
2465;223344
2466;136991
2467;82975
2468;60500
2469;126309
2470;149346
2471;172876
2472;280735
2473;119577
2474;296365
2475;103972
2476;28528
2477;56338
2478;131592
2479;121387
2480;171500
2481;78070
2482;20779
2483;46516
2484;111832
2485;303209
2486;104167
2487;68161
2488;212118
2489;527175
2490;94304
2491;150032
2492;44538
2493;124198
2494;63012
2495;244414
2496;141138
2497;77394
2498;100550
2499;173752
2500;115786
2501;49623
2502;110078
2503;84253
2504;118176
2505;157656
2506;228607
2507;219635
2508;269684
2509;19634
2510;188793
2511;68100
2512;29359
2513;71317
2514;67861
2515;83567
2516;40725
2517;242429
2518;118359
2519;54223
2520;161494
2521;6420
2522;41602
2523;174275
2524;162340
2525;152010
2526;104512
2527;41260
2528;241603
2529;183228
2530;219914
2531;242228
2532;75235
2533;230737
2534;164757
2535;153652
2536;103916
2537;44537
2538;136937
2539;151724
2540;258432
2541;171160
2542;237765
2543;169617
2544;118509
2545;277545
2546;180000
2547;47538
2548;89172
2549;136675
2550;129811
2551;439958
2552;128150
2553;148863
2554;153562
2555;168758
2556;133098
2557;68466
2558;31723
2559;70051
2560;165736
2561;177940
2562;95963
2563;159504
2564;280027
2565;46058
2566;368375
2567;313600
2568;94448
2569;100960
2570;191435
2571;133471
2572;224591
2573;298566
2574;115963
2575;14633
2576;42034
2577;65440
2578;130552
2579;207595
2580;49923
2581;51994
2582;132632
2583;87798
2584;83081
2585;25241
2586;202521
2587;39182
2588;114235
2589;184940
2590;787753
2591;161124
2592;385172
2593;228931
2594;76948
2595;152615
2596;120239
2597;291450
2598;112966
2599;35336
2600;91169
2601;227533
2602;249164
2603;26657
2604;146904
2605;114878
2606;97960
2607;104047
2608;78658
2609;83980
2610;178221
2611;85515
2612;441736
2613;186898
2614;38520
2615;209835
2616;76750
2617;95242
2618;21442
2619;108097
2620;133010
2621;273111
2622;140103
2623;259435
2624;161767
2625;22811
2626;161358
2627;65147
2628;228029
2629;35205
2630;174192
2631;41188
2632;151938
2633;181639
2634;132996
2635;101765
2636;348193
2637;51149
2638;103429
2639;743191
2640;59405
2641;9708
2642;28784
2643;184212
2644;140378
2645;59465
2646;116472
2647;14518
2648;248202
2649;26682
2650;65708
2651;291053
2652;221619
2653;115525
2654;216869
2655;304505
2656;100922
2657;191472
2658;109522
2659;357027
2660;157830
2661;263607
2662;84304
2663;121870
2664;60983
2665;94458
2666;150536
2667;184677
2668;34796
2669;217976
2670;463752
2671;101486
2672;95070
2673;66902
2674;16791
2675;88490
2676;138985
2677;184019
2678;123332
2679;224416
2680;45972
2681;136515
2682;81507
2683;238837
2684;52227
2685;55676
2686;300862
2687;66257
2688;95461
2689;165007
2690;184281
2691;66044
2692;223839
2693;39466
2694;413785
2695;162711
2696;55635
2697;86803
2698;23402
2699;250829
2700;40557
2701;218580
2702;27774
2703;62287
2704;158605
2705;51951
2706;223914
2707;12300
2708;72071
2709;110178
2710;91930
2711;143197
2712;109562
2713;115861
2714;185972
2715;49545
2716;195870
2717;68701
2718;153919
2719;135548
2720;156428
2721;66520
2722;62546
2723;94260
2724;246332
2725;95400
2726;174428
2727;68657
2728;66757
2729;135163
2730;64880
2731;20730
2732;90214
2733;150095
2734;54606
2735;86148
2736;119701
2737;63186
2738;87543
2739;99453
2740;120338
2741;136547
2742;154207
2743;82642
2744;147141
2745;91928
2746;99455
2747;164101
2748;77528
2749;345372
2750;182915
2751;52748
2752;304728
2753;122414
2754;177348
2755;131526
2756;6268
2757;70640
2758;70590
2759;210171
2760;207026
2761;336262
2762;138659
2763;197017
2764;39914
2765;311812
2766;201595
2767;76207
2768;40977
2769;97809
2770;29521
2771;418014
2772;226753
2773;101416
2774;52666
2775;227181
2776;85966
2777;29410
2778;218768
2779;113497
2780;96405
2781;68915
2782;73085
2783;186915
2784;329947
2785;48794
2786;120706
2787;34691
2788;284604
2789;575589
2790;204480
2791;68641
2792;125714
2793;218761
2794;45103
2795;18816
2796;54959
2797;36537
2798;139653
2799;317771
2800;21875
2801;64805
2802;112896
2803;127041
2804;46353
2805;702193
2806;310020
2807;229948
2808;183573
2809;103963
2810;59544
2811;26179
2812;129787
2813;134661
2814;124256
2815;85543
2816;212816
2817;65439
2818;115567
2819;128276
2820;14517
2821;166635
2822;372143
2823;212964
2824;194264
2825;176284
2826;208472
2827;212261
2828;107486
2829;107574
2830;212432
2831;109620
2832;196964
2833;178538
2834;84771
2835;276830
2836;21813
2837;99376
2838;156151
2839;102605
2840;262746
2841;19271
2842;153254
2843;202160
2844;214201
2845;60373
2846;98940
2847;72000
2848;82279
2849;38588
2850;36013
2851;108604
2852;118614
2853;174485
2854;100057
2855;198272
2856;249659
2857;21428
2858;317258
2859;144301
2860;48295
2861;125567
2862;189139
2863;262625
2864;72863
2865;114356
2866;59432
2867;10055
2868;16586
2869;224695
2870;150424
2871;95943
2872;66763
2873;21779
2874;128388
2875;126963
2876;77309
2877;576246
2878;58506
2879;59020
2880;85441
2881;72414
2882;69990
2883;260200
2884;247816
2885;60234
2886;193368
2887;137308
2888;122833
2889;74227
2890;310866
2891;96571
2892;288100
2893;287200
2894;52935
2895;154853
2896;188705
2897;319530
2898;75828
2899;29115
2900;79831
2901;162869
2902;193527
2903;130192
2904;165060
2905;216466
2906;93945
2907;157129
2908;37957
2909;125314
2910;289414
2911;191396
2912;99006
2913;223729
2914;90891
2915;288558
2916;406264
2917;190151
2918;119542
2919;198520
2920;113701
2921;112470
2922;406229
2923;211584
2924;206648
2925;265887
2926;29449
2927;63894
2928;104455
2929;397753
2930;208092
2931;361353
2932;150790
2933;223889
2934;41718
2935;340753
2936;139560
2937;372762
2938;149605
2939;126344
2940;193321
2941;283686
2942;454818
2943;63341
2944;528323
2945;40072
2946;303841
2947;106263
2948;113148
2949;149000
2950;284805
2951;6081
2952;132374
2953;176000
2954;75381
2955;381031
2956;53013
2957;433050
2958;105186
2959;179970
2960;100658
2961;77265
2962;69424
2963;71256
2964;80255
2965;238288
2966;130126
2967;82970
2968;133975
2969;222603
2970;170360
2971;55112
2972;115204
2973;88036
2974;128690
2975;402273
2976;198210
2977;207886
2978;155912
2979;487840
2980;37415
2981;74768
2982;233120
2983;314227
2984;393941
2985;433551
2986;190956
2987;273021
2988;243469
2989;112397
2990;79220
2991;168400
2992;112217
2993;280174
2994;71545
2995;101524
2996;65507
2997;141277
2998;138931
2999;50290
3000;127994
3001;148056
3002;477611
3003;232849
3004;143705
3005;45735
3006;253975
3007;53181
3008;116065
3009;108533
3010;54250
3011;253593
3012;34567
3013;58796
3014;175497
3015;31139
3016;108657
3017;164566
3018;295573
3019;203442
3020;210310
3021;367119
3022;66664
3023;181507
3024;87903
3025;207089
3026;165914
3027;70201
3028;294989
3029;442228
3030;217517
3031;171906
3032;214487
3033;205957
3034;42524
3035;264420
3036;279110
3037;163388
3038;102655
3039;443081
3040;130428
3041;63000
3042;111904
3043;147568
3044;95140
3045;86748
3046;120409
3047;92261
3048;95239
3049;13614
3050;279350
3051;79376
3052;208986
3053;175604
3054;143394
3055;106071
3056;234785
3057;254425
3058;81631
3059;164382
3060;59398
3061;101955
3062;238229
3063;113127
3064;252193
3065;188828
3066;112866
3067;143765
3068;122626
3069;161173
3070;107083
3071;244295
3072;230772
3073;102495
3074;31736
3075;153700
3076;206885
3077;91216
3078;131353
3079;81839
3080;176058
3081;135508
3082;11820
3083;86728
3084;97544
3085;146745
3086;208573
3087;329744
3088;60215
3089;110262
3090;74752
3091;278129
3092;106779
3093;197315
3094;27308
3095;98508
3096;40342
3097;178594
3098;446865
3099;78397
3100;133355
3101;309286
3102;70120
3103;130611
3104;132711
3105;56212
3106;92077
3107;127256
3108;75159
3109;238409
3110;234751
3111;97343
3112;117718
3113;148887
3114;135082
3115;220003
3116;48313
3117;167371
3118;88748
3119;156160
3120;47253
3121;45825
3122;65605
3123;126180
3124;45530
3125;32967
3126;51854
3127;106125
3128;186096
3129;100298
3130;546305
3131;121205
3132;97304
3133;138888
3134;20048
3135;107842
3136;192577
3137;20536
3138;114131
3139;40035
3140;163018
3141;88794
3142;94795
3143;8190
3144;183421
3145;444550
3146;114694
3147;36142
3148;165800
3149;51604
3150;89934
3151;340477
3152;127228
3153;181816
3154;207106
3155;45913
3156;91101
3157;126276
3158;79518
3159;126480
3160;35877
3161;58139
3162;265367
3163;124284
3164;39101
3165;7527
3166;115150
3167;172732
3168;139411
3169;76461
3170;129730
3171;19194
3172;155258
3173;91041
3174;157866
3175;61833
3176;157978
3177;97472
3178;148126
3179;121634
3180;120872
3181;144355
3182;73758
3183;143798
3184;427368
3185;79598
3186;57680
3187;111370
3188;182833
3189;117355
3190;127054
3191;101696
3192;128032
3193;174435
3194;18039
3195;57886
3196;65596
3197;185853
3198;158864
3199;98132
3200;63011
3201;84880
3202;65139
3203;82083
3204;205111
3205;343075
3206;85813
3207;49305
3208;187760
3209;130783
3210;112850
3211;77922
3212;170190
3213;67483
3214;38340
3215;176245
3216;371717
3217;274040
3218;237387
3219;166632
3220;104588
3221;75908
3222;205034
3223;84901
3224;41400
3225;180416
3226;301336
3227;155939
3228;93033
3229;73163
3230;82998
3231;332102
3232;99409
3233;222131
3234;434190
3235;151625
3236;80269
3237;40932
3238;304463
3239;170896
3240;68263
3241;74481
3242;296007
3243;98843
3244;109298
3245;86474
3246;80726
3247;284538
3248;49426
3249;84468
3250;95000
3251;120135
3252;113658
3253;47363
3254;150907
3255;99383
3256;188280
3257;22223
3258;123198
3259;33187
3260;90448
3261;170854
3262;57520
3263;120653
3264;562656
3265;76776
3266;100862
3267;95248
3268;377843
3269;354810
3270;180858
3271;130087
3272;151996
3273;51138
3274;103257
3275;88550
3276;144869
3277;146312
3278;188232
3279;91598
3280;115665
3281;164912
3282;80000
3283;73802
3284;47371
3285;86623
3286;71018
3287;42790
3288;129471
3289;177070
3290;152492
3291;118846
3292;69846
3293;110288
3294;47905
3295;40195
3296;112681
3297;165420
3298;141297
3299;122302
3300;178542
3301;355007
3302;173668
3303;32392
3304;52575
3305;323576
3306;92552
3307;120885
3308;188179
3309;209570
3310;229367
3311;137463
3312;201472
3313;298523
3314;213161
3315;419252
3316;66262
3317;428896
3318;186564
3319;88540
3320;171870
3321;106032
3322;209664
3323;120541
3324;201458
3325;118414
3326;52337
3327;36452
3328;117309
3329;130323
3330;34821
3331;618382
3332;100022
3333;53244
3334;143239
3335;22571
3336;111483
3337;72616
3338;97863
3339;103771
3340;45679
3341;105037
3342;69200
3343;171971
3344;225532
3345;172416
3346;160724
3347;247131
3348;222784
3349;85614
3350;87828
3351;252801
3352;196748
3353;103333
3354;114427
3355;47674
3356;462616
3357;78692
3358;238640
3359;89895
3360;358596
3361;148922
3362;75009
3363;148866
3364;229375
3365;50483
3366;97142
3367;199851
3368;82724
3369;118202
3370;167687
3371;165783
3372;96543
3373;43624
3374;150196
3375;93567
3376;49416
3377;206119
3378;225273
3379;77513
3380;318677
3381;228128
3382;229700
3383;471723
3384;85423
3385;87830
3386;119063
3387;456337
3388;166040
3389;51683
3390;107940
3391;39953
3392;172832
3393;54655
3394;84690
3395;22764
3396;218161
3397;169879
3398;107134
3399;171776
3400;91904
3401;162598
3402;132982
3403;501453
3404;87223
3405;437005
3406;121033
3407;165736
3408;34512
3409;86695
3410;29693
3411;44886
3412;129436
3413;180722
3414;73528
3415;334944
3416;287306
3417;177553
3418;94783
3419;206836
3420;271602
3421;132970
3422;65350
3423;83774
3424;84741
3425;160841
3426;62424
3427;134071
3428;126544
3429;108500
3430;387978
3431;214785
3432;242140
3433;166302
3434;78054
3435;229250
3436;169566
3437;273340
3438;113407
3439;144000
3440;206937
3441;80602
3442;78484
3443;186210
3444;657589
3445;430484
3446;173914
3447;213254
3448;141580
3449;131067
3450;72173
3451;186183
3452;196970
3453;226227
3454;74834
3455;48291
3456;169044
3457;141044
3458;135970
3459;117171
3460;104811
3461;139764
3462;579765
3463;82371
3464;267250
3465;109971
3466;259269
3467;70380
3468;56275
3469;56448
3470;78004
3471;134961
3472;157371
3473;68089
3474;72623
3475;160163
3476;223638
3477;111953
3478;177242
3479;97351
3480;28906
3481;82886
3482;100915
3483;119300
3484;307680
3485;252352
3486;156972
3487;75430
3488;174364
3489;116636
3490;55204
3491;302592
3492;145714
3493;76560
3494;58564
3495;74295
3496;49565
3497;95182
3498;145929
3499;71086
3500;265142
3501;54448
3502;115369
3503;142071
3504;264366
3505;109303
3506;142579
3507;97800
3508;72650
3509;149938
3510;36639
3511;195705
3512;283938
3513;29764
3514;339630
3515;33792
3516;155957
3517;86652
3518;206554
3519;67758
3520;229873
3521;333190
3522;366332
3523;86181
3524;153082
3525;96055
3526;256344
3527;47857
3528;92993
3529;196443
3530;111030
3531;120596
3532;256924
3533;123509
3534;64734
3535;510933
3536;194487
3537;230359
3538;192534
3539;63311
3540;154263
3541;360065
3542;80066
3543;135516
3544;302572
3545;123557
3546;349615
3547;79776
3548;287867
3549;190400
3550;67632
3551;99033
3552;42005
3553;60690
3554;257822
3555;13360
3556;35752
3557;221864
3558;280418
3559;158500
3560;49033
3561;87344
3562;84675
3563;330640
3564;44490
3565;286909
3566;45037
3567;90148
3568;184015
3569;60486
3570;228745
3571;56479
3572;124662
3573;239850
3574;80317
3575;78701
3576;88682
3577;790004
3578;63911
3579;61520
3580;209338
3581;117152
3582;132945
3583;240082
3584;135196
3585;316365
3586;204690
3587;164056
3588;179314
3589;81347
3590;181979
3591;400513
3592;185758
3593;119864
3594;115100
3595;128972
3596;263305
3597;68992
3598;137320
3599;235464
3600;108462
3601;229665
3602;75465
3603;389331
3604;350939
3605;136805
3606;66047
3607;54258
3608;14033
3609;242390
3610;331092
3611;149337
3612;102660
3613;162031
3614;183797
3615;86772
3616;41313
3617;49613
3618;60985
3619;167796
3620;54972
3621;85876
3622;261191
3623;67938
3624;105156
3625;91572
3626;286544
3627;35548
3628;43258
3629;154922
3630;392329
3631;111850
3632;128496
3633;65578
3634;231944
3635;126267
3636;27318
3637;177120
3638;20929
3639;127667
3640;151762
3641;198544
3642;66698
3643;46688
3644;39215
3645;69016
3646;60296
3647;94721
3648;76300
3649;56079
3650;165043
3651;90319
3652;47980
3653;70910
3654;58134
3655;128345
3656;52800
3657;82646
3658;107681
3659;60904
3660;92547
3661;19816
3662;368937
3663;53091
3664;264967
3665;162027
3666;26813
3667;143013
3668;147206
3669;149628
3670;152589
3671;75656
3672;72865
3673;62387
3674;49341
3675;52996
3676;165907
3677;150418
3678;146432
3679;351531
3680;105704
3681;187981
3682;309508
3683;166079
3684;41967
3685;52338
3686;53951
3687;120568
3688;208536
3689;214261
3690;27040
3691;168401
3692;74314
3693;116500
3694;108777
3695;61661
3696;132219
3697;142219
3698;87773
3699;124462
3700;128762
3701;49807
3702;350181
3703;71468
3704;185220
3705;13852
3706;81880
3707;179830
3708;199566
3709;177490
3710;36202
3711;105259
3712;413059
3713;108060
3714;198776
3715;152715
3716;71380
3717;198535
3718;512162
3719;77814
3720;220984
3721;88513
3722;582045
3723;112934
3724;61588
3725;311773
3726;14720
3727;6356
3728;115054
3729;143529
3730;244730
3731;143910
3732;215600
3733;176846
3734;234429
3735;206676
3736;146144
3737;53654
3738;217521
3739;85006
3740;295933
3741;95490
3742;58406
3743;217746
3744;70725
3745;132656
3746;125360
3747;125687
3748;37330
3749;145142
3750;92001
3751;209238
3752;19468
3753;235085
3754;501233
3755;233879
3756;294367
3757;62333
3758;265736
3759;189495
3760;113468
3761;214306
3762;105092
3763;181462
3764;103178
3765;44019
3766;218697
3767;13180
3768;55037
3769;125283
3770;507823
3771;144352
3772;88450
3773;46001
3774;110757
3775;25996
3776;45511
3777;60795
3778;145718
3779;203202
3780;141830
3781;353718
3782;88456
3783;81070
3784;267314
3785;229131
3786;290939
3787;53327
3788;333459
3789;165573
3790;182098
3791;125319
3792;156867
3793;194292
3794;40178
3795;286032
3796;207117
3797;137141
3798;170278
3799;17817
3800;229243
3801;274863
3802;116820
3803;182809
3804;145386
3805;200462
3806;50891
3807;443892
3808;239394
3809;150517
3810;240345
3811;140050
3812;56050
3813;145298
3814;607750
3815;82971
3816;53555
3817;81460
3818;76443
3819;147532
3820;181652
3821;75110
3822;33234
3823;224875
3824;54668
3825;233038
3826;81585
3827;98210
3828;151689
3829;207273
3830;322613
3831;550065
3832;53949
3833;73515
3834;155473
3835;102269
3836;96146
3837;351351
3838;177904
3839;142114
3840;365553
3841;538353
3842;77709
3843;523126
3844;643213
3845;87341
3846;41400
3847;122150
3848;167128
3849;388667
3850;47583
3851;115987
3852;323998
3853;383621
3854;124206
3855;274678
3856;261160
3857;146486
3858;219526
3859;88098
3860;10636
3861;171850
3862;220021
3863;118138
3864;201803
3865;201823
3866;63647
3867;168209
3868;312820
3869;153976
3870;193296
3871;167705
3872;44410
3873;245948
3874;279698
3875;150728
3876;39258
3877;134907
3878;116641
3879;142996
3880;82980
3881;145392
3882;21132
3883;135963
3884;153120
3885;411815
3886;132569
3887;52131
3888;27738
3889;215326
3890;206698
3891;499852
3892;221217
3893;133892
3894;80659
3895;162490
3896;125977
3897;94013
3898;42767
3899;61932
3900;142833
3901;57701
3902;27391
3903;214767
3904;76193
3905;55130
3906;253450
3907;112639
3908;187456
3909;209971
3910;284826
3911;5941
3912;214071
3913;228497
3914;143809
3915;66289
3916;81478
3917;113472
3918;134481
3919;56890
3920;17188
3921;551271
3922;165288
3923;95611
3924;202331
3925;47711
3926;106582
3927;22483
3928;303823
3929;133173
3930;149091
3931;217789
3932;222815
3933;93143
3934;210209
3935;208924
3936;87416
3937;136683
3938;175517
3939;41347
3940;16964
3941;239571
3942;6197
3943;45570
3944;102551
3945;43545
3946;435542
3947;187459
3948;132282
3949;268979
3950;20869
3951;71378
3952;157157
3953;154688
3954;187791
3955;12363
3956;178466
3957;42380
3958;53058
3959;84581
3960;162279
3961;83464
3962;65064
3963;38110
3964;151185
3965;121800
3966;48909
3967;241243
3968;50775
3969;86867
3970;180375
3971;115985
3972;124319
3973;372326
3974;136850
3975;179169
3976;248209
3977;147450
3978;75327
3979;56339
3980;158412
3981;25890
3982;134061
3983;197098
3984;49687
3985;237895
3986;31508
3987;196978
3988;66848
3989;170530
3990;125123
3991;245802
3992;100313
3993;148323
3994;398200
3995;140867
3996;38525
3997;104368
3998;101312
3999;37040
4000;36282
4001;91713
4002;34657
4003;99533
4004;61519
4005;65316
4006;92872
4007;486788
4008;219495
4009;259784
4010;132541
4011;197027
4012;45811
4013;88980
4014;83645
4015;45421
4016;45434
4017;205493
4018;198220
4019;71754
4020;240232
4021;250169
4022;50024
4023;249678
4024;82566
4025;80225
4026;129831
4027;228752
4028;279112
4029;198412
4030;199554
4031;94023
4032;223900
4033;98847
4034;335292
4035;146684
4036;71887
4037;77380
4038;35887
4039;226826
4040;400339
4041;185985
4042;372758
4043;204558
4044;166879
4045;144576
4046;52315
4047;237058
4048;88068
4049;64625
4050;119830
4051;60090
4052;323619
4053;223909
4054;126268
4055;61542
4056;132295
4057;48700
4058;62100
4059;60300
4060;156342
4061;84746
4062;153925
4063;149812
4064;136590
4065;16386
4066;74017
4067;70894
4068;155357
4069;140849
4070;118459
4071;289251
4072;86565
4073;292974
4074;91562
4075;267189
4076;143561
4077;106681
4078;116427
4079;98900
4080;33002
4081;58751
4082;263585
4083;73660
4084;215849
4085;423893
4086;63591
4087;149075
4088;40970
4089;166227
4090;97677
4091;89939
4092;247027
4093;369006
4094;73003
4095;231291
4096;184843
4097;215878
4098;97357
4099;157278
4100;135841
4101;179334
4102;74578
4103;109462
4104;117538
4105;134402
4106;161340
4107;93830
4108;99810
4109;138664
4110;166101
4111;124353
4112;260307
4113;119865
4114;45246
4115;95044
4116;142276
4117;26689
4118;255803
4119;80443
4120;145360
4121;82822
4122;191761
4123;53133
4124;96118
4125;177070
4126;79301
4127;79734
4128;150300
4129;256377
4130;300408
4131;109831
4132;59408
4133;207786
4134;567946
4135;199949
4136;67195
4137;320098
4138;33588
4139;178604
4140;91719
4141;95957
4142;37183
4143;105128
4144;138987
4145;119056
4146;527962
4147;255541
4148;198721
4149;62675
4150;75925
4151;114863
4152;176880
4153;134762
4154;249878
4155;114015
4156;118155
4157;26520
4158;221338
4159;146887
4160;96350
4161;49991
4162;299298
4163;204021
4164;93512
4165;104836
4166;102198
4167;37396
4168;37267
4169;40834
4170;161338
4171;47223
4172;83224
4173;131906
4174;60729
4175;163497
4176;284290
4177;103746
4178;178344
4179;425355
4180;194777
4181;253990
4182;93403
4183;157541
4184;172334
4185;143200
4186;154130
4187;323230
4188;128727
4189;75531
4190;60184
4191;316904
4192;56230
4193;102126
4194;109909
4195;488377
4196;136314
4197;59959
4198;392847
4199;350686
4200;133673
4201;95677
4202;147612
4203;144894
4204;99733
4205;121956
4206;142360
4207;161722
4208;168054
4209;245906
4210;68136
4211;61804
4212;122636
4213;281611
4214;77247
4215;121483
4216;171633
4217;194000
4218;116691
4219;193852
4220;112163
4221;41160
4222;412238
4223;82401
4224;272983
4225;127853
4226;161044
4227;178635
4228;312043
4229;122194
4230;119774
4231;121263
4232;9256
4233;342211
4234;114258
4235;188630
4236;187114
4237;183910
4238;154250
4239;61636
4240;74561
4241;367097
4242;125372
4243;41328
4244;138683
4245;67906
4246;373925
4247;493195
4248;172515
4249;234153
4250;56952
4251;24732
4252;189055
4253;578756
4254;107985
4255;7143
4256;410141
4257;146413
4258;129648
4259;270615
4260;77120
4261;104300
4262;226273
4263;213368
4264;275690
4265;297291
4266;347797
4267;61662
4268;253473
4269;324674
4270;209517
4271;92976
4272;287591
4273;182860
4274;62743
4275;152355
4276;168162
4277;150095
4278;153316
4279;436844
4280;37078
4281;576618
4282;112659
4283;54334
4284;118550
4285;104337
4286;229309
4287;269348
4288;202174
4289;50120
4290;210217
4291;82862
4292;63002
4293;252773
4294;72800
4295;66455
4296;68445
4297;104168
4298;203215
4299;221406
4300;106554
4301;51852
4302;255788
4303;71550
4304;277035
4305;436055
4306;65161
4307;227109
4308;99200
4309;150545
4310;15969
4311;189570
4312;372326
4313;420430
4314;279268
4315;449635
4316;152835
4317;228071
4318;23557
4319;129154
4320;110032
4321;190525
4322;418732
4323;122547
4324;142614
4325;234772
4326;85783
4327;364137
4328;88394
4329;16626
4330;114601
4331;478110
4332;358317
4333;32006
4334;30717
4335;403423
4336;103427
4337;174050
4338;280283
4339;409384
4340;83940
4341;69945
4342;114096
4343;315887
4344;510004
4345;119709
4346;133607
4347;152600
4348;354873
4349;191989
4350;62006
4351;158241
4352;19168
4353;55562
4354;224322
4355;67313
4356;292076
4357;291266
4358;134640
4359;103184
4360;121805
4361;88580
4362;180095
4363;167248
4364;156432
4365;21035
4366;95903
4367;81221
4368;135717
4369;59843
4370;129992
4371;70530
4372;244110
4373;180833
4374;106178
4375;9718
4376;200847
4377;51672
4378;70891
4379;368883
4380;144558
4381;145960
4382;287417
4383;185475
4384;98142
4385;290458
4386;142606
4387;69164
4388;172146
4389;96416
4390;68607
4391;192487
4392;84400
4393;20643
4394;18933
4395;491977
4396;237521
4397;114315
4398;105430
4399;54197
4400;89177
4401;246195
4402;152676
4403;311883
4404;44716
4405;135169
4406;33259
4407;84180
4408;231932
4409;85472
4410;341292
4411;178625
4412;141280
4413;197623
4414;254709
4415;220570
4416;193054
4417;113328
4418;77055
4419;187250
4420;136037
4421;23948
4422;138556
4423;91212
4424;284214
4425;284087
4426;22229
4427;110245
4428;180933
4429;187938
4430;6463
4431;580032
4432;233448
4433;202284
4434;425069
4435;90269
4436;200996
4437;148783
4438;193525
4439;62527
4440;94329
4441;201867
4442;11533
4443;94049
4444;53752
4445;87681
4446;150037
4447;35132
4448;54159
4449;154346
4450;227535
4451;74463
4452;279128
4453;94003
4454;325740
4455;226482
4456;358226
4457;128232
4458;383482
4459;143278
4460;140038
4461;245127
4462;111392
4463;132566
4464;285855
4465;83361
4466;104001
4467;179694
4468;57742
4469;195017
4470;60563
4471;61558
4472;129479
4473;409119
4474;109246
4475;315010
4476;68292
4477;354723
4478;461386
4479;66668
4480;64165
4481;288413
4482;155009
4483;192847
4484;139137
4485;366344
4486;207510
4487;55592
4488;114602
4489;109793
4490;346387
4491;147588
4492;22156
4493;58648
4494;103920
4495;289737
4496;133606
4497;415258
4498;74690
4499;61844
4500;178064
4501;217975
4502;118180
4503;263576
4504;187274
4505;40393
4506;89535
4507;95982
4508;68559
4509;410757
4510;54168
4511;79010
4512;33977
4513;130515
4514;186129
4515;264839
4516;110970
4517;147616
4518;244943
4519;108520
4520;152702
4521;46993
4522;155340
4523;209010
4524;240519
4525;188140
4526;92732
4527;103127
4528;65192
4529;144676
4530;29718
4531;74125
4532;27550
4533;94333
4534;42652
4535;130743
4536;98998
4537;328882
4538;121657
4539;144923
4540;34739
4541;26700
4542;166907
4543;229632
4544;117617
4545;119353
4546;164147
4547;144460
4548;98966
4549;100140
4550;224947
4551;94462
4552;560658
4553;29520
4554;54119
4555;200286
4556;90800
4557;59364
4558;33750
4559;59318
4560;84525
4561;220532
4562;115898
4563;56342
4564;281294
4565;182708
4566;210371
4567;230333
4568;136883
4569;266444
4570;116913
4571;92404
4572;258190
4573;57236
4574;208886
4575;95259
4576;217601
4577;61577
4578;137110
4579;70753
4580;46224
4581;84188
4582;22221
4583;97248
4584;86640
4585;106583
4586;502125
4587;22819
4588;103688
4589;132432
4590;235747
4591;99216
4592;186663
4593;318650
4594;86573
4595;238019
4596;91597
4597;63104
4598;123253
4599;106139
4600;166935
4601;152650
4602;95530
4603;174827
4604;203847
4605;190050
4606;172883
4607;319533
4608;101747
4609;67900
4610;277884
4611;152431
4612;112037
4613;37569
4614;339862
4615;66241
4616;438006
4617;229065
4618;143876
4619;63896
4620;154628
4621;213470
4622;151420
4623;64457
4624;142721
4625;141375
4626;95434
4627;93797
4628;372794
4629;49048
4630;130572
4631;212408
4632;186839
4633;71430
4634;90812
4635;62706
4636;252349
4637;225633
4638;199817
4639;167015
4640;160485
4641;337623
4642;125803
4643;87533
4644;39916
4645;197418
4646;298525
4647;83460
4648;43515
4649;46559
4650;45379
4651;5856
4652;88474
4653;90425
4654;65272
4655;55490
4656;131637
4657;253197
4658;83186
4659;28873
4660;59891
4661;81101
4662;11018
4663;59828
4664;119792
4665;239867
4666;20370
4667;268992
4668;195471
4669;70924
4670;72465
4671;241242
4672;106765
4673;37087
4674;435595
4675;196947
4676;210940
4677;57395
4678;54500
4679;186584
4680;75548
4681;584152
4682;183130
4683;246982
4684;365182
4685;404510
4686;69548
4687;31318
4688;167424
4689;50623
4690;38541
4691;172220
4692;126483
4693;425090
4694;89037
4695;340090
4696;209462
4697;198276
4698;95666
4699;82172
4700;209870
4701;210773
4702;94196
4703;132841
4704;169654
4705;183198
4706;28725
4707;40261
4708;51179
4709;99954
4710;229275
4711;89336
4712;273992
4713;108632
4714;241075
4715;134798
4716;94783
4717;86146
4718;173963
4719;36652
4720;235741
4721;225517
4722;144284
4723;175338
4724;354269
4725;134505
4726;224467
4727;386133
4728;59253
4729;364560
4730;197876
4731;134362
4732;128589
4733;208296
4734;139644
4735;100190
4736;59888
4737;63687
4738;147552
4739;305168
4740;99637
4741;141418
4742;128355
4743;50551
4744;107214
4745;222588
4746;155222
4747;130660
4748;45761
4749;200610
4750;43393
4751;49450
4752;140958
4753;217312
4754;264623
4755;271541
4756;203672
4757;44038
4758;99801
4759;265090
4760;92316
4761;77856
4762;73112
4763;218506
4764;124876
4765;137626
4766;86435
4767;60636
4768;150705
4769;68551
4770;443960
4771;47225
4772;136734
4773;138721
4774;100053
4775;148700
4776;347401
4777;117962
4778;256962
4779;237553
4780;210320
4781;226937
4782;254359
4783;76053
4784;503882
4785;187320
4786;245806
4787;46398
4788;285253
4789;132842
4790;163502
4791;90987
4792;119220
4793;117691
4794;501437
4795;489602
4796;198285
4797;75387
4798;152193
4799;72644
4800;162069
4801;265218
4802;137433
4803;546512
4804;66421
4805;70294
4806;129531
4807;83329
4808;118483
4809;151923
4810;136196
4811;89611
4812;171243
4813;99152
4814;135481
4815;213842
4816;57170
4817;100246
4818;155456
4819;41377
4820;15821
4821;36039
4822;280623
4823;91552
4824;307745
4825;147127
4826;144980
4827;155492
4828;74088
4829;279720
4830;84802
4831;139651
4832;148007
4833;279577
4834;238644
4835;61546
4836;302779
4837;109208
4838;201850
4839;278123
4840;130038
4841;21266
4842;113857
4843;658580
4844;65364
4845;611348
4846;51236
4847;124708
4848;71779
4849;174695
4850;78484
4851;100236
4852;242679
4853;55701
4854;67864
4855;112085
4856;40846
4857;151790
4858;81596
4859;177028
4860;134596
4861;310285
4862;9144
4863;46278
4864;155487
4865;77895
4866;82842
4867;222898
4868;122341
4869;136010
4870;141298
4871;164474
4872;188560
4873;421920
4874;121884
4875;168042
4876;68481
4877;226343
4878;397498
4879;281857
4880;319072
4881;192305
4882;89380
4883;206734
4884;204000
4885;143527
4886;131972
4887;243694
4888;188994
4889;605442
4890;259343
4891;74119
4892;115563
4893;34636
4894;93182
4895;46390
4896;278748
4897;166218
4898;267571
4899;41998
4900;473370
4901;92937
4902;24951
4903;265423
4904;154912
4905;237026
4906;110139
4907;225327
4908;105259
4909;93860
4910;87130
4911;630560
4912;42374
4913;141268
4914;415402
4915;35520
4916;32145
4917;31926
4918;248070
4919;240646
4920;138005
4921;119036
4922;127996
4923;169644
4924;610028
4925;320551
4926;98800
4927;261550
4928;238450
4929;247106
4930;122964
4931;72739
4932;257221
4933;190455
4934;209691
4935;173068
4936;17064
4937;243640
4938;6155
4939;142150
4940;137677
4941;173482
4942;164432
4943;242317
4944;541571
4945;161536
4946;86620
4947;108041
4948;78946
4949;220165
4950;277204
4951;34911
4952;409803
4953;217501
4954;105037
4955;146601
4956;111200
4957;25416
4958;197208
4959;37242
4960;118252
4961;190736
4962;102763
4963;151155
4964;180329
4965;49470
4966;242096
4967;138110
4968;93001
4969;27861
4970;137551
4971;50544
4972;53920
4973;231558
4974;226385
4975;105350
4976;53901
4977;209162
4978;66302
4979;125898
4980;292439
4981;85775
4982;6120
4983;81617
4984;164353
4985;26809
4986;71195
4987;202410
4988;70642
4989;111003
4990;242112
4991;153033
4992;314414
4993;229705
4994;126285
4995;306146
4996;311600
4997;184892
4998;33671
4999;307734
