0;110434
1;101874
2;9621
3;87205
4;265607
5;54092
6;184232
7;43255
8;167753
9;114324
10;328215
11;252213
12;33461
13;184725
14;158538
15;141676
16;96167
17;181087
18;153596
19;45155
20;70655
21;106238
22;192842
23;40163
24;157327
25;176260
26;74025
27;120737
28;118742
29;119490
30;34900
31;103680
32;95361
33;123231
34;227144
35;350479
36;106917
37;47112
38;83775
39;207604
40;241040
41;241078
42;64633
43;17058
44;50509
45;89271
46;74122
47;84310
48;124555
49;87371
50;260610
51;258980
52;86053
53;152706
54;54126
55;39682
56;279684
57;45477
58;77278
59;59781
60;79291
61;163720
62;88472
63;126265
64;20677
65;210437
66;138735
67;280703
68;72411
69;106776
70;147837
71;116964
72;136433
73;96901
74;81741
75;189269
76;75015
77;80300
78;58490
79;91315
80;148107
81;215736
82;75893
83;12511
84;349508
85;174716
86;313133
87;98622
88;454222
89;29785
90;150071
91;38050
92;137626
93;190418
94;211571
95;38161
96;89065
97;199422
98;131929
99;89438
100;45570
101;121764
102;638875
103;360450
104;120717
105;91880
106;103700
107;248388
108;109291
109;26401
110;378624
111;76098
112;259875
113;79375
114;159016
115;187738
116;47871
117;72477
118;161000
119;37229
120;121126
121;237742
122;127279
123;45652
124;66595
125;156470
126;124156
127;114558
128;161135
129;213474
130;102363
131;112289
132;79214
133;190846
134;58397
135;56939
136;92173
137;163268
138;209700
139;56069
140;392057
141;115748
142;116882
143;57634
144;176754
145;9525
146;392845
147;69808
148;150618
149;134928
150;179183
151;60622
152;255040
153;205855
154;225554
155;129091
156;89978
157;121960
158;43067
159;113160
160;72052
161;150264
162;59006
163;36833
164;239964
165;90150
166;120943
167;48687
168;34758
169;203611
170;71507
171;205478
172;127965
173;40722
174;69275
175;130333
176;98839
177;72247
178;59684
179;67680
180;28372
181;212678
182;60306
183;159496
184;36223
185;65470
186;68826
187;328112
188;193472
189;110400
190;156485
191;85559
192;66220
193;309751
194;124896
195;39988
196;54413
197;30443
198;99908
199;37578
200;59394
201;115241
202;16258
203;109390
204;186667
205;69809
206;132011
207;111549
208;125839
209;257245
210;326583
211;47718
212;154178
213;67032
214;242198
215;94659
216;54592
217;112066
218;130938
219;212746
220;187542
221;49298
222;55324
223;218523
224;68205
225;213939
226;45050
227;109210
228;192106
229;289440
230;64584
231;94385
232;66837
233;58125
234;91530
235;63205
236;266556
237;82762
238;89440
239;34123
240;40888
241;441705
242;128445
243;89457
244;92097
245;20963
246;50235
247;114284
248;30491
249;248396
250;102212
251;340244
252;159600
253;266432
254;50191
255;60210
256;270708
257;42434
258;198204
259;97860
260;241349
261;96760
262;56369
263;154086
264;176021
265;146827
266;81482
267;100544
268;202281
269;265663
270;103972
271;23618
272;120866
273;50042
274;210169
275;37029
276;22791
277;76802
278;61980
279;133859
280;206179
281;59574
282;111703
283;84069
284;155893
285;59693
286;311217
287;33705
288;171551
289;196023
290;129405
291;80430
292;52118
293;198453
294;68443
295;47388
296;174614
297;101144
298;177696
299;56550
300;70368
301;126008
302;80466
303;97828
304;208564
305;180580
306;298006
307;69604
308;141307
309;67452
310;31705
311;57160
312;54978
313;148772
314;43912
315;53308
316;215872
317;72594
318;235718
319;54720
320;182579
321;176325
322;120415
323;200816
324;157515
325;48448
326;99723
327;26548
328;51776
329;235510
330;12574
331;98369
332;109077
333;118624
334;111098
335;191427
336;111692
337;109701
338;480931
339;144232
340;157831
341;110313
342;116002
343;126000
344;221610
345;382542
346;312124
347;83983
348;228324
349;53704
350;77278
351;90657
352;85194
353;229120
354;113829
355;136641
356;110744
357;47649
358;51044
359;60714
360;35582
361;67475
362;325925
363;161523
364;98834
365;28012
366;73147
367;132593
368;121275
369;415666
370;69952
371;149235
372;57005
373;198537
374;22349
375;123872
376;115092
377;92671
378;141316
379;48874
380;26941
381;52463
382;317684
383;187452
384;240779
385;199989
386;284184
387;319649
388;65773
389;442832
390;34820
391;51970
392;64070
393;64848
394;98093
395;130914
396;141269
397;57656
398;389147
399;127435
400;143075
401;49695
402;156943
403;39242
404;66684
405;70331
406;295296
407;85455
408;74011
409;146629
410;44346
411;50752
412;69628
413;51330
414;42406
415;181287
416;201349
417;136900
418;112861
419;194568
420;70524
421;87680
422;38977
423;460550
424;112825
425;47287
426;7441
427;213715
428;34041
429;113234
430;127389
431;62337
432;281200
433;79546
434;121863
435;135940
436;91832
437;44004
438;100778
439;82482
440;253160
441;68166
442;123565
443;64925
444;95565
445;58125
446;41610
447;74652
448;190347
449;69720
450;86921
451;198852
452;297992
453;84107
454;147913
455;64024
456;119993
457;362362
458;209364
459;59992
460;99163
461;138250
462;207296
463;143497
464;143268
465;188765
466;90692
467;23650
468;137256
469;181329
470;437086
471;125540
472;234591
473;406040
474;451795
475;135640
476;263351
477;143257
478;222907
479;168488
480;68638
481;74138
482;65217
483;75461
484;102382
485;138017
486;313211
487;149420
488;44864
489;133664
490;220769
491;85879
492;274072
493;26545
494;137511
495;25341
496;419804
497;227422
498;107156
499;53783
500;100169
501;159706
502;155163
503;300077
504;218822
505;94726
506;279598
507;78193
508;85300
509;82258
510;79400
511;179714
512;30891
513;305519
514;75836
515;96556
516;264823
517;30438
518;159722
519;239295
520;27267
521;97086
522;48235
523;167425
524;293315
525;240140
526;190266
527;90769
528;213014
529;77847
530;255058
531;29276
532;50272
533;364916
534;68627
535;159976
536;48069
537;121922
538;230783
539;469673
540;206138
541;6724
542;136490
543;63352
544;186044
545;146587
546;71792
547;82719
548;88838
549;22403
550;72811
551;52142
552;390298
553;64215
554;63029
555;14794
556;47496
557;64449
558;202909
559;77106
560;33024
561;109818
562;42077
563;278539
564;122414
565;81850
566;46789
567;118343
568;108584
569;92471
570;100057
571;162081
572;156815
573;194351
574;79254
575;149589
576;50609
577;234124
578;26337
579;109920
580;99741
581;119164
582;42533
583;51502
584;133468
585;141596
586;162566
587;38280
588;139061
589;144825
590;142708
591;202884
592;145438
593;133441
594;74610
595;84838
596;80214
597;461956
598;27016
599;96736
600;509335
601;444475
602;343453
603;203278
604;196716
605;340285
606;108019
607;276078
608;129812
609;225530
610;53098
611;98385
612;455811
613;134125
614;175900
615;340198
616;86871
617;241112
618;82842
619;167257
620;507492
621;131552
622;295981
623;121636
624;91703
625;116992
626;328729
627;93715
628;208353
629;109050
630;188277
631;41563
632;69689
633;38237
634;109395
635;220080
636;338774
637;149752
638;31893
639;104829
640;199695
641;70506
642;105613
643;73820
644;326703
645;134316
646;34639
647;102131
648;177817
649;65937
650;145225
651;79592
652;348335
653;161455
654;180560
655;119003
656;121835
657;41329
658;106425
659;156400
660;135551
661;179885
662;126118
663;154140
664;175821
665;21575
666;37491
667;558271
668;110650
669;56502
670;135125
671;181804
672;50927
673;87531
674;37460
675;167403
676;194620
677;80369
678;240412
679;12662
680;138009
681;36730
682;330218
683;301656
684;109364
685;148415
686;346975
687;177461
688;118250
689;39775
690;152834
691;216068
692;308488
693;141137
694;101110
695;190392
696;104219
697;67594
698;109235
699;93069
700;76948
701;83406
702;116185
703;222272
704;85384
705;51730
706;219312
707;381496
708;71088
709;120354
710;79402
711;72109
712;251928
713;325629
714;64507
715;113356
716;6298
717;85261
718;52587
719;58848
720;114806
721;171923
722;88336
723;75585
724;116875
725;62686
726;110100
727;105437
728;113501
729;43234
730;167060
731;49756
732;221168
733;215746
734;77849
735;89827
736;106355
737;160686
738;119788
739;369158
740;63280
741;32103
742;79098
743;257325
744;100028
745;121966
746;91010
747;170169
748;248220
749;142567
750;60618
751;83992
752;129563
753;6106
754;274025
755;415517
756;184273
757;94961
758;120808
759;157272
760;31042
761;84297
762;227603
763;63543
764;119073
765;165521
766;182762
767;77938
768;224664
769;295018
770;321779
771;111209
772;399488
773;104642
774;162198
775;158350
776;141312
777;201139
778;136834
779;161900
780;112939
781;109665
782;34444
783;96191
784;45994
785;117114
786;115857
787;98171
788;124438
789;76463
790;248432
791;165841
792;125462
793;186094
794;83972
795;69613
796;49475
797;118844
798;68467
799;30600
800;85635
801;223774
802;157362
803;107519
804;79201
805;125217
806;79519
807;309441
808;95463
809;160868
810;67179
811;63081
812;25110
813;202646
814;94806
815;50863
816;65367
817;120889
818;296971
819;95197
820;87538
821;6450
822;219413
823;415442
824;650410
825;51957
826;77376
827;307657
828;108614
829;106400
830;161728
831;207610
832;89513
833;67760
834;66427
835;251589
836;82141
837;66540
838;309334
839;185659
840;41683
841;14059
842;67250
843;162154
844;134303
845;71801
846;147945
847;36710
848;129062
849;44325
850;250265
851;167755
852;29460
853;225712
854;39308
855;44743
856;50744
857;103700
858;196629
859;117112
860;72996
861;161891
862;52496
863;74463
864;17811
865;266272
866;59185
867;61132
868;195528
869;192064
870;315070
871;98975
872;281315
873;126220
874;64358
875;255267
876;219084
877;178648
878;166293
879;131888
880;43115
881;39292
882;113679
883;108139
884;232728
885;109420
886;69925
887;121773
888;529584
889;75844
890;117631
891;70848
892;19072
893;161112
894;172970
895;289016
896;94156
897;48945
898;211687
899;106317
900;167503
901;138801
902;243783
903;130718
904;179003
905;147785
906;236124
907;69602
908;239988
909;277925
910;109584
911;61682
912;264477
913;97253
914;80736
915;55755
916;126538
917;104314
918;53366
919;164786
920;153320
921;54926
922;328386
923;74819
924;124274
925;229360
926;299861
927;104337
928;136077
929;65771
930;99187
931;194674
932;93268
933;187490
934;46374
935;75390
936;74853
937;130318
938;307993
939;203793
940;25019
941;50990
942;354467
943;73858
944;60080
945;126662
946;60607
947;84476
948;310803
949;116888
950;60895
951;238251
952;85660
953;148471
954;79122
955;59398
956;57688
957;50464
958;68490
959;45126
960;321825
961;135594
962;65774
963;183525
964;120934
965;341047
966;65341
967;166116
968;213472
969;251248
970;232837
971;81718
972;55500
973;82540
974;182711
975;155757
976;92980
977;61861
978;184614
979;81433
980;293271
981;43854
982;148829
983;18460
984;145170
985;191020
986;333666
987;62371
988;137195
989;366436
990;107637
991;76176
992;212620
993;124025
994;75272
995;23244
996;107356
997;316306
998;114173
999;389618
1000;109789
1001;164405
1002;193703
1003;75805
1004;167595
1005;111398
1006;64142
1007;58858
1008;36650
1009;308249
1010;39955
1011;99601
1012;242874
1013;177233
1014;48986
1015;104230
1016;32255
1017;396572
1018;47422
1019;136372
1020;17886
1021;37641
1022;42540
1023;119075
1024;46286
1025;76519
1026;610438
1027;32430
1028;157517
1029;105136
1030;5882
1031;80798
1032;84732
1033;118284
1034;82815
1035;181075
1036;91697
1037;179247
1038;163542
1039;127009
1040;82159
1041;54625
1042;97588
1043;106443
1044;282218
1045;110249
1046;94460
1047;321480
1048;198096
1049;247174
1050;57790
1051;93619
1052;69196
1053;240937
1054;56076
1055;129765
1056;42113
1057;23126
1058;93838
1059;117197
1060;103061
1061;96916
1062;190040
1063;273381
1064;123476
1065;312614
1066;92013
1067;147982
1068;167827
1069;181070
1070;243325
1071;124844
1072;43915
1073;181920
1074;231273
1075;102441
1076;321178
1077;144501
1078;193612
1079;199040
1080;190724
1081;15003
1082;151600
1083;81364
1084;162643
1085;52270
1086;126818
1087;105942
1088;71561
1089;131371
1090;90210
1091;84558
1092;259989
1093;109485
1094;120018
1095;280200
1096;186844
1097;121369
1098;119366
1099;12370
1100;192314
1101;40653
1102;37046
1103;38215
1104;71992
1105;54574
1106;109072
1107;122182
1108;66375
1109;56419
1110;190071
1111;93285
1112;96966
1113;114247
1114;205874
1115;320300
1116;244009
1117;195344
1118;60513
1119;266102
1120;47630
1121;97094
1122;81149
1123;69545
1124;87207
1125;30078
1126;59363
1127;152761
1128;117894
1129;45083
1130;48648
1131;142614
1132;123201
1133;132876
1134;156041
1135;125450
1136;71032
1137;90745
1138;50767
1139;131647
1140;159598
1141;190712
1142;102110
1143;74207
1144;161640
1145;157313
1146;37286
1147;75791
1148;126107
1149;115022
1150;144605
1151;62993
1152;37825
1153;149100
1154;326468
1155;69306
1156;148735
1157;24611
1158;97870
1159;88389
1160;331596
1161;97894
1162;111752
1163;371982
1164;24457
1165;35298
1166;342931
1167;79073
1168;53095
1169;125583
1170;170550
1171;148937
1172;89889
1173;226445
1174;38116
1175;147359
1176;116874
1177;227315
1178;129471
1179;115721
1180;116602
1181;56782
1182;63853
1183;352017
1184;50933
1185;232472
1186;252819
1187;240001
1188;271029
1189;181471
1190;131265
1191;5729
1192;98160
1193;84675
1194;115812
1195;287326
1196;93260
1197;70530
1198;35360
1199;109949
1200;90336
1201;157893
1202;192160
1203;212568
1204;102133
1205;117824
1206;133968
1207;145628
1208;44776
1209;159165
1210;99454
1211;136026
1212;70775
1213;78546
1214;51503
1215;77582
1216;118595
1217;44681
1218;201968
1219;80795
1220;86536
1221;176941
1222;192865
1223;126248
1224;59916
1225;75307
1226;116112
1227;31026
1228;61479
1229;155926
1230;272950
1231;186798
1232;126136
1233;122876
1234;157910
1235;215350
1236;345448
1237;46805
1238;207600
1239;412888
1240;142383
1241;24770
1242;84697
1243;109129
1244;142569
1245;66077
1246;75383
1247;58539
1248;599247
1249;32654
1250;242688
1251;201598
1252;58598
1253;311033
1254;50635
1255;35121
1256;99475
1257;58794
1258;50326
1259;63289
1260;91367
1261;194867
1262;62954
1263;470830
1264;240800
1265;98794
1266;198890
1267;159264
1268;288059
1269;65170
1270;113434
1271;381035
1272;43726
1273;95840
1274;49231
1275;207196
1276;95113
1277;63318
1278;173555
1279;67256
1280;81883
1281;138535
1282;251259
1283;240501
1284;117487
1285;51985
1286;102898
1287;249007
1288;153437
1289;105056
1290;79733
1291;390661
1292;120978
1293;156497
1294;64530
1295;204521
1296;72890
1297;67370
1298;75702
1299;51653
1300;96330
1301;245103
1302;224861
1303;298076
1304;114539
1305;136158
1306;137487
1307;93135
1308;58145
1309;81058
1310;166768
1311;132407
1312;52243
1313;14537
1314;122409
1315;73413
1316;95683
1317;323505
1318;146679
1319;210535
1320;366286
1321;114322
1322;155871
1323;129110
1324;182120
1325;27307
1326;174836
1327;98800
1328;21396
1329;153388
1330;186338
1331;37944
1332;131080
1333;73234
1334;263287
1335;158901
1336;118472
1337;157851
1338;67714
1339;104651
1340;169758
1341;80503
1342;90545
1343;97711
1344;77198
1345;104526
1346;154981
1347;185261
1348;140950
1349;79324
1350;54509
1351;131969
1352;71308
1353;123850
1354;266310
1355;90700
1356;188255
1357;272809
1358;69240
1359;173376
1360;208217
1361;216425
1362;6266
1363;878666
1364;137028
1365;10956
1366;306901
1367;107507
1368;203032
1369;110091
1370;123586
1371;38469
1372;147811
1373;148761
1374;44719
1375;42473
1376;235700
1377;134360
1378;12291
1379;250941
1380;89449
1381;42942
1382;121945
1383;111645
1384;112707
1385;72114
1386;122807
1387;139951
1388;129775
1389;49111
1390;88904
1391;416776
1392;107770
1393;61773
1394;58960
1395;140516
1396;134181
1397;90660
1398;337950
1399;105106
1400;98563
1401;28592
1402;239793
1403;199223
1404;204875
1405;99593
1406;98674
1407;262032
1408;19631
1409;216282
1410;70514
1411;117589
1412;108218
1413;60783
1414;36227
1415;83156
1416;222956
1417;49979
1418;23048
1419;203873
1420;143398
1421;41660
1422;215075
1423;99444
1424;264619
1425;89035
1426;281805
1427;297647
1428;416921
1429;49816
1430;72174
1431;48501
1432;57585
1433;237822
1434;396215
1435;104167
1436;119257
1437;151043
1438;36163
1439;30475
1440;31054
1441;114303
1442;27035
1443;95226
1444;174820
1445;46073
1446;230452
1447;79907
1448;208208
1449;134990
1450;160119
1451;65832
1452;131603
1453;196276
1454;67101
1455;80901
1456;76807
1457;15934
1458;55525
1459;183644
1460;101596
1461;82216
1462;91720
1463;152638
1464;112109
1465;146009
1466;145758
1467;74131
1468;93216
1469;240378
1470;120901
1471;208563
1472;63750
1473;105326
1474;115893
1475;186636
1476;158202
1477;322506
1478;157530
1479;75598
1480;78076
1481;140800
1482;66458
1483;186338
1484;86622
1485;40868
1486;161265
1487;89937
1488;69147
1489;70031
1490;82218
1491;34080
1492;334755
1493;93400
1494;57021
1495;129587
1496;271538
1497;93735
1498;86800
1499;56614
1500;149894
1501;65593
1502;111389
1503;44108
1504;116095
1505;134809
1506;378076
1507;105194
1508;129645
1509;233796
1510;340440
1511;20947
1512;291951
1513;169723
1514;412681
1515;142900
1516;83090
1517;94715
1518;58927
1519;94063
1520;127152
1521;78678
1522;33823
1523;57298
1524;61141
1525;86913
1526;59063
1527;199466
1528;140527
1529;254446
1530;136426
1531;213356
1532;33980
1533;160285
1534;180737
1535;82239
1536;101517
1537;109953
1538;210256
1539;186038
1540;202726
1541;129434
1542;531850
1543;138706
1544;91149
1545;173202
1546;256939
1547;81681
1548;247439
1549;118701
1550;128678
1551;148633
1552;361728
1553;69100
1554;20092
1555;66144
1556;94364
1557;250386
1558;184906
1559;197515
1560;91571
1561;25355
1562;91165
1563;151528
1564;64598
1565;384074
1566;185622
1567;166800
1568;37591
1569;92706
1570;35463
1571;132962
1572;50709
1573;122887
1574;214160
1575;13144
1576;30242
1577;26524
1578;99232
1579;387535
1580;92841
1581;84090
1582;35111
1583;107717
1584;74123
1585;63112
1586;19485
1587;27645
1588;150824
1589;156944
1590;172491
1591;52537
1592;154057
1593;228509
1594;140768
1595;246207
1596;332453
1597;144290
1598;57900
1599;180214
1600;97145
1601;234777
1602;25787
1603;247128
1604;141932
1605;89247
1606;44310
1607;133889
1608;150514
1609;62638
1610;119347
1611;78387
1612;73765
1613;182931
1614;42519
1615;484147
1616;113994
1617;112483
1618;78638
1619;67819
1620;133072
1621;131488
1622;89524
1623;154375
1624;50772
1625;146091
1626;82613
1627;182476
1628;33380
1629;129354
1630;62639
1631;85307
1632;90338
1633;71382
1634;65739
1635;133361
1636;50694
1637;329204
1638;17563
1639;143554
1640;121562
1641;117891
1642;238893
1643;86967
1644;82365
1645;12298
1646;137058
1647;79439
1648;283559
1649;186940
1650;123104
1651;166971
1652;118815
1653;155615
1654;107284
1655;155528
1656;84756
1657;77485
1658;107838
1659;262508
1660;130518
1661;229372
1662;206338
1663;210916
1664;68180
1665;86731
1666;48838
1667;223958
1668;100403
1669;121658
1670;194533
1671;109398
1672;81159
1673;242834
1674;76228
1675;190595
1676;160803
1677;125738
1678;328012
1679;113185
1680;134762
1681;171800
1682;113590
1683;242711
1684;78250
1685;96546
1686;129598
1687;49606
1688;721559
1689;56938
1690;63912
1691;127214
1692;232634
1693;90691
1694;156632
1695;369343
1696;397243
1697;63895
1698;51992
1699;104127
1700;58934
1701;239866
1702;46935
1703;107849
1704;302865
1705;190676
1706;84581
1707;473628
1708;55678
1709;239067
1710;83368
1711;101026
1712;66029
1713;119029
1714;62590
1715;228981
1716;260809
1717;66910
1718;197800
1719;573797
1720;54368
1721;152627
1722;235416
1723;100304
1724;13777
1725;98816
1726;45461
1727;26843
1728;100450
1729;252022
1730;121776
1731;148450
1732;138959
1733;68536
1734;85338
1735;27469
1736;22367
1737;185602
1738;108212
1739;107625
1740;171273
1741;121121
1742;355707
1743;80126
1744;34464
1745;333635
1746;48539
1747;108862
1748;108098
1749;155298
1750;76580
1751;98647
1752;227583
1753;61383
1754;99794
1755;91788
1756;16116
1757;143762
1758;167969
1759;214433
1760;28532
1761;131006
1762;91338
1763;127646
1764;209281
1765;72577
1766;215885
1767;95154
1768;58572
1769;267594
1770;112276
1771;74567
1772;159189
1773;116629
1774;24861
1775;22434
1776;262091
1777;175991
1778;66063
1779;87683
1780;97100
1781;75971
1782;95961
1783;243057
1784;110590
1785;81705
1786;77461
1787;100635
1788;56743
1789;286510
1790;33672
1791;100000
1792;86472
1793;95679
1794;8777
1795;159090
1796;71541
1797;408428
1798;171803
1799;53300
1800;34958
1801;70579
1802;80615
1803;154740
1804;201868
1805;127528
1806;99013
1807;53689
1808;69786
1809;63868
1810;179647
1811;48561
1812;149300
1813;277708
1814;115993
1815;72574
1816;111525
1817;40463
1818;49120
1819;260703
1820;181511
1821;230735
1822;79332
1823;39572
1824;36323
1825;50406
1826;247057
1827;313693
1828;100090
1829;259145
1830;47089
1831;152460
1832;216743
1833;84570
1834;609825
1835;144866
1836;92718
1837;73110
1838;148730
1839;242970
1840;91853
1841;380610
1842;230065
1843;61020
1844;54783
1845;241877
1846;100231
1847;25811
1848;247951
1849;108541
1850;32620
1851;107880
1852;102720
1853;21158
1854;141056
1855;351291
1856;184523
1857;191926
1858;159835
1859;78822
1860;76354
1861;157083
1862;75475
1863;26276
1864;59174
1865;82011
1866;94578
1867;265960
1868;133417
1869;203748
1870;86349
1871;65237
1872;152456
1873;145257
1874;63656
1875;68559
1876;34284
1877;198045
1878;57561
1879;150277
1880;450770
1881;70192
1882;147120
1883;61957
1884;77969
1885;223730
1886;92258
1887;333705
1888;738994
1889;246544
1890;182126
1891;137810
1892;91561
1893;104430
1894;93618
1895;330377
1896;89235
1897;119640
1898;159127
1899;114934
1900;194458
1901;128130
1902;258590
1903;89437
1904;22376
1905;101414
1906;79201
1907;167641
1908;297375
1909;65832
1910;34900
1911;182588
1912;147520
1913;148167
1914;79504
1915;227704
1916;233761
1917;203298
1918;74038
1919;71847
1920;42489
1921;57434
1922;29120
1923;283804
1924;153136
1925;58766
1926;133373
1927;206069
1928;72643
1929;99307
1930;50612
1931;104540
1932;102682
1933;104288
1934;82561
1935;47753
1936;129016
1937;167657
1938;318146
1939;169005
1940;193743
1941;168432
1942;74243
1943;65379
1944;40485
1945;80758
1946;135219
1947;85514
1948;25079
1949;76901
1950;287155
1951;67507
1952;79514
1953;216617
1954;88440
1955;33426
1956;225240
1957;86493
1958;67540
1959;177870
1960;98305
1961;42925
1962;204496
1963;78766
1964;229656
1965;76932
1966;98241
1967;138026
1968;78777
1969;52852
1970;46294
1971;286261
1972;121292
1973;64810
1974;70777
1975;68276
1976;104637
1977;153947
1978;255320
1979;82801
1980;106149
1981;75219
1982;152981
1983;134456
1984;266171
1985;128510
1986;239452
1987;218930
1988;168672
1989;215398
1990;122203
1991;278790
1992;342215
1993;200475
1994;169304
1995;77072
1996;51695
1997;51941
1998;192850
1999;125180
2000;356928
2001;169219
2002;90649
2003;246831
2004;39409
2005;75184
2006;171692
2007;167796
2008;55604
2009;290093
2010;34854
2011;191351
2012;148616
2013;194308
2014;106244
2015;76069
2016;120464
2017;129303
2018;45016
2019;171717
2020;23648
2021;71094
2022;43422
2023;93696
2024;41940
2025;83608
2026;46981
2027;98135
2028;60950
2029;51988
2030;105746
2031;119847
2032;86434
2033;200165
2034;55321
2035;184033
2036;62017
2037;184887
2038;115284
2039;232161
2040;109712
2041;191925
2042;275509
2043;48706
2044;185955
2045;134412
2046;190918
2047;74720
2048;152788
2049;131628
2050;161321
2051;116455
2052;97023
2053;70768
2054;59651
2055;126976
2056;313720
2057;121047
2058;146456
2059;64431
2060;137280
2061;85420
2062;115501
2063;84136
2064;161394
2065;98679
2066;200564
2067;65706
2068;141374
2069;64450
2070;225250
2071;37924
2072;83984
2073;64226
2074;104632
2075;109783
2076;162471
2077;219378
2078;91316
2079;130894
2080;60280
2081;146861
2082;64404
2083;65979
2084;56114
2085;313531
2086;53591
2087;111208
2088;80564
2089;59498
2090;134606
2091;55708
2092;81023
2093;226457
2094;32856
2095;308285
2096;133305
2097;324619
2098;220670
2099;61638
2100;27193
2101;88334
2102;29711
2103;129486
2104;97652
2105;70290
2106;101732
2107;255587
2108;124050
2109;101553
2110;112832
2111;110680
2112;28308
2113;90856
2114;8165
2115;40326
2116;105706
2117;247859
2118;395784
2119;130239
2120;81412
2121;284167
2122;204361
2123;167618
2124;48636
2125;227407
2126;256664
2127;95500
2128;54527
2129;284154
2130;207951
2131;120250
2132;234829
2133;242748
2134;220618
2135;57003
2136;84645
2137;106541
2138;88382
2139;88143
2140;147428
2141;129666
2142;273578
2143;54803
2144;124295
2145;45518
2146;120390
2147;39829
2148;173265
2149;43327
2150;174318
2151;139627
2152;444206
2153;55395
2154;281831
2155;195657
2156;140658
2157;26764
2158;115935
2159;140740
2160;164672
2161;79231
2162;159521
2163;76650
2164;173196
2165;67025
2166;251168
2167;150874
2168;129735
2169;140942
2170;90259
2171;38400
2172;38555
2173;106737
2174;65759
2175;79987
2176;105176
2177;173180
2178;41485
2179;309005
2180;148128
2181;121752
2182;119403
2183;172846
2184;56471
2185;91167
2186;71134
2187;214466
2188;127202
2189;20948
2190;88649
2191;239838
2192;327252
2193;54253
2194;44894
2195;287076
2196;195898
2197;113593
2198;166808
2199;192474
2200;56266
2201;82952
2202;45382
2203;243088
2204;318094
2205;69291
2206;237200
2207;70307
2208;136117
2209;13121
2210;160683
2211;93993
2212;485475
2213;50003
2214;27186
2215;235109
2216;63866
2217;107543
2218;272059
2219;252567
2220;80015
2221;59324
2222;135668
2223;38685
2224;24242
2225;482060
2226;199556
2227;364825
2228;195148
2229;136565
2230;109384
2231;134910
2232;110497
2233;80521
2234;145565
2235;64145
2236;248808
2237;184779
2238;45809
2239;77236
2240;168661
2241;36686
2242;116830
2243;177949
2244;135332
2245;68815
2246;268643
2247;271063
2248;148653
2249;144955
2250;67098
2251;21309
2252;349263
2253;79901
2254;129234
2255;96395
2256;305306
2257;178606
2258;98019
2259;180901
2260;177864
2261;144673
2262;10288
2263;20452
2264;98991
2265;35074
2266;392687
2267;79385
2268;113441
2269;143869
2270;140493
2271;175111
2272;134372
2273;110550
2274;41498
2275;224253
2276;142579
2277;86106
2278;106797
2279;313658
2280;57882
2281;157396
2282;129572
2283;124737
2284;200948
2285;68418
2286;98240
2287;201327
2288;212013
2289;118365
2290;434573
2291;203286
2292;91561
2293;89510
2294;50020
2295;327992
2296;93045
2297;333057
2298;53639
2299;202912
2300;279385
2301;208704
2302;97861
2303;93924
2304;517996
2305;98933
2306;118930
2307;34250
2308;74226
2309;43669
2310;53515
2311;124810
2312;67125
2313;145726
2314;35826
2315;233241
2316;178591
2317;62772
2318;107098
2319;56100
2320;127003
2321;85112
2322;97196
2323;195049
2324;6306
2325;149639
2326;127361
2327;108905
2328;178069
2329;236838
2330;186264
2331;141539
2332;177932
2333;398165
2334;254023
2335;183467
2336;220579
2337;61304
2338;154693
2339;335851
2340;77892
2341;38803
2342;204931
2343;147112
2344;126298
2345;115519
2346;179491
2347;158012
2348;265409
2349;77311
2350;472240
2351;105137
2352;74795
2353;91798
2354;108029
2355;153119
2356;44989
2357;133250
2358;70590
2359;42979
2360;239587
2361;227453
2362;103363
2363;171960
2364;102648
2365;144807
2366;194380
2367;111520
2368;260198
2369;200665
2370;209783
2371;227649
2372;43991
2373;44471
2374;16406
2375;149145
2376;84360
2377;364971
2378;112757
2379;152534
2380;64122
2381;22698
2382;153688
2383;57380
2384;135137
2385;113358
2386;99889
2387;145381
2388;238157
2389;144653
2390;72183
2391;334271
2392;513538
2393;188823
2394;274244
2395;48739
2396;27255
2397;64515
2398;136430
2399;75681
2400;6414
2401;163244
2402;73848
2403;181338
2404;82663
2405;75576
2406;43186
2407;90120
2408;188866
2409;38800
2410;81250
2411;149427
2412;179998
2413;85994
2414;78608
2415;106301
2416;83963
2417;208725
2418;265166
2419;86772
2420;113489
2421;73498
2422;49955
2423;126063
2424;137709
2425;40937
2426;117830
2427;69827
2428;134403
2429;121125
2430;149321
2431;288814
2432;41963
2433;48408
2434;298184
2435;14054
2436;80553
2437;38063
2438;159237
2439;238271
2440;64657
2441;57989
2442;438026
2443;217276
2444;130203
2445;46828
2446;347741
2447;139990
2448;56036
2449;155841
2450;30212
2451;200398
2452;90292
2453;61502
2454;219424
2455;230682
2456;323295
2457;85619
2458;495660
2459;172679
2460;157898
2461;14800
2462;42736
2463;75609
2464;268308
2465;81849
2466;23814
2467;151605
2468;174357
2469;91132
2470;186324
2471;91717
2472;148355
2473;122813
2474;265872
2475;97169
2476;155274
2477;70049
2478;378697
2479;15198
2480;347175
2481;80416
2482;73438
2483;259500
2484;165623
2485;268565
2486;209056
2487;62256
2488;41268
2489;89674
2490;151130
2491;109200
2492;73964
2493;6360
2494;122631
2495;8920
2496;51996
2497;83487
2498;144434
2499;74587
2500;42939
2501;164343
2502;72983
2503;131735
2504;90933
2505;122131
2506;237075
2507;33446
2508;98014
2509;193339
2510;326326
2511;109995
2512;36247
2513;156645
2514;91470
2515;53979
2516;112960
2517;20956
2518;18415
2519;233049
2520;52207
2521;213484
2522;175768
2523;211490
2524;51852
2525;97691
2526;111729
2527;228551
2528;165863
2529;260784
2530;54893
2531;159971
2532;39190
2533;84988
2534;66977
2535;82843
2536;58536
2537;84853
2538;265149
2539;220713
2540;6294
2541;62939
2542;545594
2543;79412
2544;140391
2545;108105
2546;50552
2547;413195
2548;101965
2549;43663
2550;374449
2551;69140
2552;28673
2553;154537
2554;165400
2555;280255
2556;194057
2557;23922
2558;46900
2559;68145
2560;120805
2561;269528
2562;105131
2563;80863
2564;85574
2565;180236
2566;412069
2567;50950
2568;168375
2569;184453
2570;198166
2571;80809
2572;88336
2573;102818
2574;136516
2575;59492
2576;87047
2577;128601
2578;164868
2579;31906
2580;60816
2581;416893
2582;51906
2583;290088
2584;381937
2585;120877
2586;129191
2587;164990
2588;111889
2589;16390
2590;29430
2591;123334
2592;109455
2593;116708
2594;125701
2595;257809
2596;113926
2597;83677
2598;44964
2599;121806
2600;101424
2601;61301
2602;389964
2603;47379
2604;155046
2605;120730
2606;69464
2607;107116
2608;195767
2609;71166
2610;124296
2611;211967
2612;110209
2613;112246
2614;85601
2615;187483
2616;63915
2617;181620
2618;120959
2619;392201
2620;370735
2621;229326
2622;12598
2623;247128
2624;129330
2625;16433
2626;53642
2627;33872
2628;70229
2629;128836
2630;162211
2631;305879
2632;302645
2633;71121
2634;226011
2635;308379
2636;71034
2637;51754
2638;89318
2639;243088
2640;24683
2641;43637
2642;207624
2643;161568
2644;127543
2645;77910
2646;166691
2647;584628
2648;200278
2649;77943
2650;121598
2651;224898
2652;69809
2653;258966
2654;164007
2655;73267
2656;55820
2657;65648
2658;30389
2659;23840
2660;36935
2661;60980
2662;211743
2663;88361
2664;79272
2665;43535
2666;73939
2667;71608
2668;273843
2669;168416
2670;110504
2671;206185
2672;294826
2673;276278
2674;75969
2675;52924
2676;34182
2677;268381
2678;35426
2679;77664
2680;68863
2681;306743
2682;188618
2683;109163
2684;278474
2685;87229
2686;122865
2687;159971
2688;160328
2689;142055
2690;138642
2691;78153
2692;103996
2693;100558
2694;114296
2695;245371
2696;104696
2697;115675
2698;115102
2699;134188
2700;42635
2701;48909
2702;117177
2703;63819
2704;142577
2705;54059
2706;126023
2707;223875
2708;62708
2709;151122
2710;86491
2711;133803
2712;104769
2713;96534
2714;224992
2715;81019
2716;113164
2717;134211
2718;179210
2719;90465
2720;245407
2721;49898
2722;148968
2723;287748
2724;143921
2725;205136
2726;36906
2727;280302
2728;178485
2729;100463
2730;121961
2731;95291
2732;48500
2733;249184
2734;80516
2735;52632
2736;169369
2737;53791
2738;85196
2739;109446
2740;71268
2741;140040
2742;125661
2743;124286
2744;40418
2745;369462
2746;96991
2747;281070
2748;78180
2749;112550
2750;270475
2751;126919
2752;263483
2753;94742
2754;67592
2755;223643
2756;121113
2757;239333
2758;67081
2759;54864
2760;100205
2761;130739
2762;110414
2763;144417
2764;150355
2765;92367
2766;308387
2767;95601
2768;253113
2769;215522
2770;70640
2771;353414
2772;111945
2773;93075
2774;191387
2775;87462
2776;44845
2777;65783
2778;114905
2779;575037
2780;140605
2781;281598
2782;160789
2783;59720
2784;67800
2785;100062
2786;73397
2787;81486
2788;201806
2789;142821
2790;50429
2791;59329
2792;253728
2793;51786
2794;106807
2795;75561
2796;90288
2797;68304
2798;77309
2799;70725
2800;130988
2801;142223
2802;82595
2803;77897
2804;84386
2805;149577
2806;325166
2807;54951
2808;53836
2809;198620
2810;167054
2811;260014
2812;150536
2813;221786
2814;33336
2815;190068
2816;53829
2817;22308
2818;196081
2819;66803
2820;188465
2821;94261
2822;199210
2823;87375
2824;230639
2825;151098
2826;147317
2827;131236
2828;162538
2829;333064
2830;214490
2831;278190
2832;146225
2833;242824
2834;89415
2835;92309
2836;39852
2837;195185
2838;82341
2839;132141
2840;265586
2841;164471
2842;24653
2843;253579
2844;128046
2845;263487
2846;94652
2847;60024
2848;80547
2849;188483
2850;42950
2851;181703
2852;198058
2853;207911
2854;182289
2855;374720
2856;152041
2857;278736
2858;73333
2859;61027
2860;98047
2861;145580
2862;176466
2863;71472
2864;69696
2865;64252
2866;177678
2867;52801
2868;79054
2869;149882
2870;313687
2871;98012
2872;229400
2873;359390
2874;243947
2875;221525
2876;110236
2877;133062
2878;105276
2879;184258
2880;116521
2881;362512
2882;183030
2883;115857
2884;234088
2885;254390
2886;45604
2887;88324
2888;96961
2889;52883
2890;123994
2891;25452
2892;87768
2893;118595
2894;88806
2895;255771
2896;189644
2897;216469
2898;133275
2899;191727
2900;135655
2901;262682
2902;41349
2903;93925
2904;68312
2905;23748
2906;88682
2907;198425
2908;124718
2909;178412
2910;58671
2911;183192
2912;88509
2913;84668
2914;289309
2915;124757
2916;97800
2917;541856
2918;88104
2919;39338
2920;66008
2921;29180
2922;256721
2923;46743
2924;202983
2925;93876
2926;102147
2927;275401
2928;81925
2929;65729
2930;173047
2931;213248
2932;88871
2933;89904
2934;54964
2935;88854
2936;269568
2937;133757
2938;169418
2939;85654
2940;128252
2941;81885
2942;423996
2943;104075
2944;268983
2945;80469
2946;89636
2947;50490
2948;80391
2949;76475
2950;64737
2951;205385
2952;83000
2953;265853
2954;296612
2955;97206
2956;84231
2957;42654
2958;62097
2959;24294
2960;292706
2961;268824
2962;91614
2963;65991
2964;77622
2965;87038
2966;240498
2967;497094
2968;78288
2969;52125
2970;263250
2971;274916
2972;260542
2973;46761
2974;50027
2975;33682
2976;103032
2977;48850
2978;131159
2979;78711
2980;68438
2981;202443
2982;126734
2983;117877
2984;123003
2985;54113
2986;119974
2987;129429
2988;166054
2989;554115
2990;119585
2991;145589
2992;259702
2993;73126
2994;177701
2995;193132
2996;362759
2997;117998
2998;222100
2999;110153
3000;58561
3001;256870
3002;137017
3003;186965
3004;127592
3005;110952
3006;140664
3007;144604
3008;234327
3009;89346
3010;11968
3011;103627
3012;92419
3013;201023
3014;156803
3015;71436
3016;150615
3017;218701
3018;25526
3019;334391
3020;56604
3021;296671
3022;128830
3023;134018
3024;206854
3025;74292
3026;60903
3027;118358
3028;22480
3029;115475
3030;71750
3031;69917
3032;150115
3033;105301
3034;141407
3035;115191
3036;222500
3037;200693
3038;57373
3039;119741
3040;171003
3041;69819
3042;92005
3043;218871
3044;460152
3045;383796
3046;67712
3047;128723
3048;214816
3049;78627
3050;106093
3051;144612
3052;333835
3053;83348
3054;162768
3055;411642
3056;110309
3057;189898
3058;120362
3059;194716
3060;118481
3061;146372
3062;143418
3063;33521
3064;61633
3065;30128
3066;312127
3067;48746
3068;35089
3069;89553
3070;52339
3071;256471
3072;36345
3073;192710
3074;78558
3075;373052
3076;68763
3077;56013
3078;118493
3079;112269
3080;301616
3081;175890
3082;269786
3083;82355
3084;177121
3085;276789
3086;164206
3087;120260
3088;74911
3089;150701
3090;115362
3091;243781
3092;97746
3093;110921
3094;51902
3095;143251
3096;65238
3097;96441
3098;66568
3099;243873
3100;167304
3101;95588
3102;136349
3103;115353
3104;27169
3105;222583
3106;370765
3107;296814
3108;80087
3109;156403
3110;64750
3111;106093
3112;94894
3113;123688
3114;180956
3115;167705
3116;125692
3117;310922
3118;28546
3119;568700
3120;68383
3121;62588
3122;91802
3123;40767
3124;14695
3125;181477
3126;102554
3127;263170
3128;59950
3129;212881
3130;55465
3131;17810
3132;152383
3133;201388
3134;164501
3135;111744
3136;157896
3137;98498
3138;98551
3139;93544
3140;64800
3141;77526
3142;299836
3143;241707
3144;41664
3145;284819
3146;229547
3147;135550
3148;65828
3149;184211
3150;90056
3151;177187
3152;357880
3153;141773
3154;177797
3155;205532
3156;151411
3157;113365
3158;60155
3159;123400
3160;108130
3161;102684
3162;50372
3163;80175
3164;220526
3165;151713
3166;123519
3167;66781
3168;80623
3169;67300
3170;149942
3171;39723
3172;131049
3173;145132
3174;69655
3175;81293
3176;28996
3177;52608
3178;40906
3179;172633
3180;201735
3181;12562
3182;99366
3183;52108
3184;94429
3185;77880
3186;222077
3187;107613
3188;181406
3189;127259
3190;113767
3191;68641
3192;414696
3193;9976
3194;96670
3195;178570
3196;491415
3197;139470
3198;264191
3199;125594
3200;335632
3201;192541
3202;74187
3203;132733
3204;50271
3205;39274
3206;68639
3207;133906
3208;287161
3209;135385
3210;57909
3211;168118
3212;293333
3213;109941
3214;197936
3215;373985
3216;68085
3217;169392
3218;85804
3219;176883
3220;300064
3221;92782
3222;97695
3223;238128
3224;441061
3225;61471
3226;103600
3227;161477
3228;212949
3229;174229
3230;147415
3231;111584
3232;107598
3233;109071
3234;178154
3235;111918
3236;70963
3237;58473
3238;98272
3239;39569
3240;248431
3241;91624
3242;96925
3243;88132
3244;313492
3245;112886
3246;87525
3247;118404
3248;44040
3249;104342
3250;80912
3251;52027
3252;315777
3253;548060
3254;166520
3255;134562
3256;44525
3257;147059
3258;150145
3259;227669
3260;148061
3261;167722
3262;64836
3263;42781
3264;54185
3265;372530
3266;117203
3267;252424
3268;170450
3269;365762
3270;29425
3271;37365
3272;109659
3273;100953
3274;203958
3275;51820
3276;116398
3277;122866
3278;31911
3279;59535
3280;60540
3281;115122
3282;60198
3283;95861
3284;116441
3285;100852
3286;297981
3287;161841
3288;230790
3289;239014
3290;36722
3291;111158
3292;41725
3293;19646
3294;467924
3295;105078
3296;137493
3297;126942
3298;16768
3299;277328
3300;102678
3301;79454
3302;35143
3303;33847
3304;109082
3305;17850
3306;178878
3307;136887
3308;81018
3309;145346
3310;66562
3311;381855
3312;104812
3313;165232
3314;213311
3315;151412
3316;205250
3317;92787
3318;77314
3319;364749
3320;39977
3321;129796
3322;259653
3323;43975
3324;57087
3325;256886
3326;59900
3327;15944
3328;257176
3329;73182
3330;94116
3331;104795
3332;69554
3333;162031
3334;67665
3335;72551
3336;29950
3337;136104
3338;168098
3339;146256
3340;89985
3341;172048
3342;85242
3343;320770
3344;74301
3345;82276
3346;111163
3347;67608
3348;170809
3349;52708
3350;52473
3351;135200
3352;178680
3353;123217
3354;125241
3355;297005
3356;171087
3357;137864
3358;360037
3359;144678
3360;164689
3361;107765
3362;126561
3363;134218
3364;99010
3365;288239
3366;52931
3367;186905
3368;118734
3369;32339
3370;26435
3371;112682
3372;86990
3373;44717
3374;256663
3375;177366
3376;95300
3377;120854
3378;81608
3379;143200
3380;9918
3381;294635
3382;81050
3383;115052
3384;81180
3385;87663
3386;83912
3387;92554
3388;137910
3389;171892
3390;31305
3391;87216
3392;66245
3393;61037
3394;251441
3395;86302
3396;24536
3397;261668
3398;66796
3399;66569
3400;46606
3401;78641
3402;58547
3403;95480
3404;162992
3405;128901
3406;124684
3407;187725
3408;77537
3409;100785
3410;248853
3411;73729
3412;97128
3413;158044
3414;91244
3415;122530
3416;38913
3417;217887
3418;131892
3419;44643
3420;92704
3421;28418
3422;129385
3423;374110
3424;158626
3425;70035
3426;16976
3427;43385
3428;193650
3429;297860
3430;27816
3431;85657
3432;7057
3433;19285
3434;469482
3435;59722
3436;193970
3437;281764
3438;179745
3439;80603
3440;49322
3441;316206
3442;104355
3443;56468
3444;81322
3445;349762
3446;138280
3447;175943
3448;76554
3449;232668
3450;119664
3451;82770
3452;172598
3453;116896
3454;168181
3455;104660
3456;173890
3457;59030
3458;47685
3459;86472
3460;137894
3461;64360
3462;82100
3463;122834
3464;135031
3465;219869
3466;68542
3467;50528
3468;234589
3469;164864
3470;54577
3471;62883
3472;98748
3473;183700
3474;45989
3475;101462
3476;51611
3477;98765
3478;72230
3479;55909
3480;295802
3481;93596
3482;60955
3483;86898
3484;152925
3485;33043
3486;62913
3487;103406
3488;26171
3489;17103
3490;173663
3491;350460
3492;73964
3493;30965
3494;32803
3495;50303
3496;106071
3497;88553
3498;135552
3499;57821
3500;67500
3501;173511
3502;209496
3503;44254
3504;48275
3505;92586
3506;68600
3507;139544
3508;134064
3509;161149
3510;61525
3511;135137
3512;195650
3513;89118
3514;6175
3515;49166
3516;63890
3517;64821
3518;175079
3519;84545
3520;333959
3521;241249
3522;79800
3523;107476
3524;250633
3525;91365
3526;167285
3527;56842
3528;286438
3529;110716
3530;30449
3531;122502
3532;43806
3533;75811
3534;96300
3535;135220
3536;23017
3537;87560
3538;273315
3539;141204
3540;130062
3541;28732
3542;180130
3543;152984
3544;64879
3545;103182
3546;68826
3547;56849
3548;281730
3549;158380
3550;22838
3551;198333
3552;94216
3553;162260
3554;108401
3555;250189
3556;41005
3557;126437
3558;118482
3559;47116
3560;126984
3561;149921
3562;281283
3563;49126
3564;448570
3565;182482
3566;96431
3567;166148
3568;103756
3569;91898
3570;51886
3571;152005
3572;216717
3573;95595
3574;104358
3575;246136
3576;54826
3577;178990
3578;44605
3579;134726
3580;36848
3581;101206
3582;76907
3583;40535
3584;323558
3585;233106
3586;136406
3587;501150
3588;37988
3589;127447
3590;138414
3591;155062
3592;64185
3593;42035
3594;65596
3595;99951
3596;162403
3597;118795
3598;140568
3599;61344
3600;196391
3601;275642
3602;21156
3603;65156
3604;124573
3605;113401
3606;73587
3607;109091
3608;252777
3609;133110
3610;202273
3611;71861
3612;51153
3613;153768
3614;132706
3615;222511
3616;44702
3617;307788
3618;124812
3619;73663
3620;84536
3621;309358
3622;127847
3623;147223
3624;117952
3625;41277
3626;55484
3627;123167
3628;72866
3629;183370
3630;171498
3631;107090
3632;9383
3633;164812
3634;377415
3635;159867
3636;28873
3637;104235
3638;174367
3639;138467
3640;215082
3641;70520
3642;46900
3643;80309
3644;516442
3645;195138
3646;36365
3647;65155
3648;338186
3649;227614
3650;426719
3651;139802
3652;132590
3653;139937
3654;139162
3655;131761
3656;131768
3657;190921
3658;99648
3659;78770
3660;238103
3661;59123
3662;144589
3663;65580
3664;108601
3665;95880
3666;255658
3667;255546
3668;44676
3669;116386
3670;98144
3671;77131
3672;174231
3673;7529
3674;6239
3675;99875
3676;107384
3677;68972
3678;91471
3679;162303
3680;122014
3681;32582
3682;165148
3683;128337
3684;98600
3685;223420
3686;73376
3687;90423
3688;167214
3689;215795
3690;420437
3691;37310
3692;84545
3693;58365
3694;85721
3695;191701
3696;165157
3697;198161
3698;487738
3699;166325
3700;170616
3701;228374
3702;62776
3703;12330
3704;159234
3705;150450
3706;62580
3707;73619
3708;173500
3709;66919
3710;79496
3711;73811
3712;155640
3713;271622
3714;240554
3715;243111
3716;106617
3717;258674
3718;91592
3719;252553
3720;234087
3721;49177
3722;48923
3723;158684
3724;166115
3725;186555
3726;199559
3727;396493
3728;133766
3729;70890
3730;81057
3731;65078
3732;186670
3733;36836
3734;130939
3735;42810
3736;142552
3737;184152
3738;104806
3739;39000
3740;72237
3741;20104
3742;61998
3743;6066
3744;97926
3745;128162
3746;70611
3747;104973
3748;292518
3749;100550
3750;115113
3751;102908
3752;123635
3753;171763
3754;237336
3755;32477
3756;163691
3757;18197
3758;126650
3759;168635
3760;88858
3761;65661
3762;83192
3763;557003
3764;88929
3765;20281
3766;62112
3767;63135
3768;428230
3769;96471
3770;335685
3771;421788
3772;125003
3773;303059
3774;182086
3775;201104
3776;15627
3777;260540
3778;288834
3779;194630
3780;29381
3781;19005
3782;205046
3783;146330
3784;101760
3785;117626
3786;24437
3787;133686
3788;63073
3789;69838
3790;153151
3791;176751
3792;42001
3793;53087
3794;78662
3795;236436
3796;114217
3797;263773
3798;107745
3799;144126
3800;133246
3801;61268
3802;79054
3803;461058
3804;615715
3805;237751
3806;190108
3807;208937
3808;154145
3809;74395
3810;77850
3811;102986
3812;150195
3813;205937
3814;316890
3815;110885
3816;131563
3817;155956
3818;84017
3819;119787
3820;199987
3821;151427
3822;281080
3823;60021
3824;39598
3825;125075
3826;331729
3827;17029
3828;148453
3829;179918
3830;196284
3831;89313
3832;193943
3833;132720
3834;31942
3835;38288
3836;182916
3837;15134
3838;375662
3839;336605
3840;281357
3841;163377
3842;56115
3843;290032
3844;68739
3845;78295
3846;163405
3847;78457
3848;76466
3849;91311
3850;45285
3851;29257
3852;218357
3853;114853
3854;292626
3855;104877
3856;85555
3857;57171
3858;150998
3859;36096
3860;31509
3861;93713
3862;131174
3863;137640
3864;81133
3865;44062
3866;255552
3867;254426
3868;90046
3869;155093
3870;73905
3871;64861
3872;169309
3873;117218
3874;320267
3875;180347
3876;117644
3877;19997
3878;7700
3879;62503
3880;85417
3881;126363
3882;40761
3883;144640
3884;30118
3885;38857
3886;113072
3887;121680
3888;180141
3889;100596
3890;111575
3891;233071
3892;54418
3893;109239
3894;94331
3895;240034
3896;161798
3897;193782
3898;339153
3899;25585
3900;35637
3901;14295
3902;119632
3903;205115
3904;127158
3905;42932
3906;334358
3907;97068
3908;50523
3909;185816
3910;102472
3911;157777
3912;160241
3913;6028
3914;75605
3915;44522
3916;96013
3917;73816
3918;77079
3919;106915
3920;91171
3921;100167
3922;101680
3923;156725
3924;56479
3925;86995
3926;91109
3927;304440
3928;345244
3929;70217
3930;118742
3931;326760
3932;48381
3933;101931
3934;67009
3935;215312
3936;208462
3937;227216
3938;164930
3939;124107
3940;399702
3941;132173
3942;41352
3943;82416
3944;119790
3945;33505
3946;89538
3947;62116
3948;40773
3949;57246
3950;213993
3951;90790
3952;85126
3953;121971
3954;86457
3955;107889
3956;134320
3957;96162
3958;64802
3959;46350
3960;100043
3961;34352
3962;395370
3963;311757
3964;70692
3965;240357
3966;243470
3967;179689
3968;65077
3969;20875
3970;49113
3971;128107
3972;105990
3973;265372
3974;82837
3975;204496
3976;84944
3977;202146
3978;139201
3979;111250
3980;132412
3981;105991
3982;235324
3983;176701
3984;141703
3985;240787
3986;162479
3987;257411
3988;93111
3989;110301
3990;63005
3991;110579
3992;106906
3993;50108
3994;226305
3995;266606
3996;153804
3997;56827
3998;121425
3999;158351
4000;91428
4001;63802
4002;121828
4003;128577
4004;71588
4005;79728
4006;194383
4007;12688
4008;54528
4009;253616
4010;79404
4011;67821
4012;237345
4013;94734
4014;80393
4015;87970
4016;119350
4017;280296
4018;135140
4019;159701
4020;742463
4021;70112
4022;301862
4023;129628
4024;191805
4025;107769
4026;52891
4027;73750
4028;76773
4029;223072
4030;153412
4031;77781
4032;130758
4033;48271
4034;15226
4035;153503
4036;113126
4037;45158
4038;124557
4039;63224
4040;148301
4041;55493
4042;143751
4043;62743
4044;25924
4045;42423
4046;72201
4047;90053
4048;330418
4049;56581
4050;337612
4051;260613
4052;163563
4053;476745
4054;124261
4055;91542
4056;218735
4057;44048
4058;6435
4059;1055475
4060;262047
4061;190468
4062;205494
4063;37363
4064;58132
4065;124739
4066;125531
4067;98288
4068;170476
4069;194758
4070;288428
4071;158644
4072;234426
4073;123187
4074;62540
4075;108429
4076;61677
4077;121200
4078;130851
4079;246150
4080;172708
4081;95537
4082;57870
4083;180129
4084;68618
4085;183269
4086;77174
4087;144987
4088;72609
4089;205996
4090;152086
4091;136076
4092;135536
4093;103531
4094;198406
4095;140250
4096;387888
4097;91280
4098;869364
4099;177013
4100;163555
4101;311689
4102;119326
4103;177041
4104;98850
4105;109645
4106;129645
4107;172212
4108;88178
4109;98610
4110;111477
4111;111709
4112;147515
4113;160613
4114;114978
4115;93506
4116;182032
4117;56081
4118;124387
4119;236015
4120;20486
4121;36456
4122;224367
4123;166963
4124;42862
4125;129509
4126;48060
4127;146436
4128;70942
4129;318648
4130;128635
4131;148735
4132;143093
4133;189509
4134;103500
4135;54447
4136;402860
4137;120578
4138;167460
4139;251205
4140;231701
4141;133470
4142;119559
4143;208268
4144;11760
4145;51256
4146;111129
4147;54940
4148;181076
4149;106959
4150;78322
4151;107922
4152;84242
4153;68374
4154;76017
4155;243669
4156;96372
4157;67376
4158;39302
4159;81917
4160;99087
4161;172119
4162;11980
4163;220886
4164;148636
4165;63259
4166;176848
4167;143467
4168;62673
4169;123908
4170;182555
4171;70242
4172;85841
4173;83636
4174;199470
4175;133655
4176;131168
4177;160218
4178;148871
4179;62934
4180;74926
4181;282030
4182;39193
4183;516928
4184;233641
4185;71484
4186;55038
4187;59561
4188;135492
4189;33400
4190;150856
4191;90598
4192;75236
4193;195935
4194;36800
4195;99623
4196;111304
4197;51981
4198;281203
4199;71240
4200;100291
4201;60017
4202;138624
4203;59250
4204;76751
4205;126700
4206;120393
4207;30947
4208;146815
4209;56659
4210;125648
4211;65102
4212;55905
4213;177207
4214;78527
4215;225700
4216;180000
4217;123232
4218;119550
4219;58355
4220;99760
4221;189433
4222;73719
4223;76258
4224;180206
4225;323045
4226;77414
4227;22726
4228;148209
4229;52324
4230;284093
4231;56413
4232;256229
4233;108714
4234;49327
4235;89362
4236;12215
4237;89106
4238;278765
4239;21285
4240;128541
4241;154417
4242;212253
4243;116453
4244;454607
4245;221925
4246;222854
4247;114534
4248;132258
4249;134834
4250;58424
4251;43835
4252;137395
4253;129175
4254;158618
4255;70545
4256;99350
4257;227378
4258;135607
4259;137773
4260;120375
4261;35859
4262;72894
4263;168461
4264;101020
4265;98903
4266;58367
4267;69993
4268;108955
4269;130269
4270;111962
4271;230515
4272;41952
4273;150071
4274;56946
4275;60487
4276;80191
4277;180840
4278;119916
4279;137696
4280;74541
4281;118975
4282;86894
4283;84581
4284;90307
4285;335315
4286;344806
4287;26745
4288;74455
4289;122561
4290;83079
4291;157423
4292;118127
4293;61668
4294;76788
4295;118515
4296;211243
4297;120097
4298;252970
4299;63733
4300;132003
4301;86798
4302;48922
4303;134038
4304;174868
4305;193829
4306;36932
4307;83878
4308;99593
4309;41056
4310;72151
4311;237897
4312;91438
4313;93413
4314;184557
4315;66598
4316;91298
4317;341511
4318;93112
4319;168978
4320;100771
4321;112553
4322;78819
4323;111320
4324;451956
4325;125519
4326;63495
4327;453658
4328;245615
4329;65681
4330;323280
4331;93948
4332;178030
4333;109260
4334;133276
4335;89896
4336;79845
4337;94877
4338;57420
4339;226090
4340;33183
4341;145095
4342;190930
4343;302483
4344;84388
4345;78211
4346;209706
4347;157003
4348;122591
4349;20771
4350;162970
4351;49532
4352;127581
4353;261330
4354;62838
4355;184340
4356;206776
4357;62983
4358;180708
4359;58396
4360;138218
4361;219588
4362;79413
4363;228104
4364;54647
4365;161836
4366;108397
4367;99579
4368;231500
4369;82392
4370;114178
4371;172463
4372;296698
4373;189226
4374;209258
4375;41158
4376;60947
4377;229874
4378;115041
4379;119210
4380;183776
4381;64933
4382;166464
4383;318621
4384;55996
4385;97870
4386;194425
4387;118123
4388;45795
4389;91805
4390;111421
4391;181364
4392;131348
4393;174309
4394;571289
4395;184701
4396;286342
4397;120907
4398;111076
4399;102443
4400;217100
4401;111896
4402;34719
4403;207034
4404;75674
4405;141226
4406;92662
4407;272601
4408;62952
4409;60813
4410;48667
4411;26278
4412;142580
4413;363870
4414;50333
4415;131696
4416;113658
4417;136243
4418;111761
4419;107145
4420;212941
4421;126114
4422;42443
4423;159530
4424;90823
4425;149769
4426;138341
4427;203426
4428;60247
4429;372910
4430;98671
4431;99042
4432;177363
4433;72290
4434;199948
4435;57159
4436;152604
4437;165068
4438;89993
4439;40437
4440;430725
4441;112435
4442;141822
4443;73446
4444;111379
4445;356413
4446;28081
4447;131450
4448;194159
4449;24094
4450;26125
4451;133253
4452;117910
4453;133857
4454;42864
4455;90480
4456;125013
4457;400242
4458;105190
4459;56786
4460;135116
4461;122842
4462;267724
4463;118032
4464;252892
4465;193472
4466;149625
4467;32985
4468;51935
4469;60415
4470;98135
4471;264723
4472;53231
4473;76911
4474;121470
4475;31543
4476;116549
4477;102396
4478;69822
4479;179100
4480;174444
4481;336666
4482;105273
4483;216155
4484;68193
4485;283130
4486;78198
4487;84887
4488;90584
4489;431421
4490;107637
4491;224180
4492;159464
4493;258510
4494;88030
4495;152222
4496;96094
4497;156825
4498;136886
4499;289719
4500;142530
4501;120357
4502;107685
4503;319756
4504;92898
4505;370162
4506;110829
4507;91324
4508;26565
4509;64001
4510;448057
4511;76694
4512;53348
4513;53631
4514;69378
4515;78470
4516;155309
4517;129461
4518;350847
4519;97234
4520;48320
4521;100173
4522;180011
4523;101532
4524;47595
4525;692545
4526;155858
4527;19293
4528;196813
4529;101480
4530;145542
4531;141321
4532;288320
4533;87538
4534;352888
4535;65321
4536;133167
4537;232135
4538;68506
4539;176834
4540;25925
4541;255100
4542;308265
4543;208705
4544;188980
4545;158335
4546;176991
4547;116559
4548;71646
4549;95401
4550;165186
4551;318307
4552;65290
4553;72317
4554;88202
4555;89913
4556;36914
4557;61315
4558;147423
4559;238496
4560;227763
4561;120835
4562;31524
4563;93630
4564;113586
4565;132084
4566;98684
4567;156619
4568;314622
4569;165721
4570;88298
4571;93276
4572;115610
4573;35070
4574;77771
4575;49333
4576;74768
4577;97340
4578;84810
4579;166023
4580;194951
4581;42802
4582;79682
4583;150589
4584;117193
4585;25067
4586;70533
4587;17817
4588;235233
4589;135171
4590;86840
4591;269875
4592;160184
4593;81418
4594;99196
4595;93333
4596;356966
4597;11541
4598;28059
4599;38982
4600;92896
4601;95710
4602;57155
4603;204144
4604;219567
4605;68494
4606;33410
4607;68164
4608;81739
4609;25392
4610;198734
4611;13151
4612;152345
4613;20998
4614;105838
4615;8350
4616;143401
4617;164907
4618;78432
4619;11300
4620;106553
4621;172126
4622;118666
4623;196988
4624;56266
4625;262673
4626;74219
4627;91078
4628;127621
4629;165271
4630;163605
4631;100113
4632;256675
4633;355705
4634;123249
4635;36847
4636;86869
4637;116347
4638;53316
4639;174916
4640;159837
4641;109791
4642;127335
4643;299593
4644;107960
4645;58245
4646;258101
4647;42147
4648;50676
4649;26101
4650;54553
4651;74812
4652;79861
4653;47645
4654;173153
4655;305220
4656;129133
4657;112406
4658;55577
4659;154064
4660;130773
4661;199252
4662;168651
4663;93129
4664;210715
4665;174678
4666;169371
4667;87057
4668;288551
4669;31876
4670;5442
4671;287629
4672;83738
4673;102380
4674;81067
4675;184014
4676;129509
4677;347439
4678;151552
4679;222896
4680;150464
4681;38369
4682;269319
4683;112770
4684;45078
4685;170985
4686;218557
4687;58944
4688;184685
4689;201580
4690;54801
4691;124587
4692;64452
4693;36216
4694;239729
4695;62048
4696;46582
4697;175162
4698;88270
4699;63648
4700;98171
4701;44684
4702;198377
4703;84222
4704;35341
4705;47235
4706;120687
4707;203060
4708;82500
4709;132366
4710;299409
4711;311413
4712;447761
4713;54040
4714;131220
4715;43492
4716;24879
4717;56301
4718;176884
4719;87473
4720;81290
4721;66077
4722;171114
4723;74290
4724;38995
4725;155080
4726;239004
4727;288667
4728;417706
4729;79354
4730;291428
4731;58407
4732;173772
4733;88908
4734;24832
4735;59927
4736;28959
4737;212171
4738;63979
4739;66357
4740;55310
4741;78194
4742;42725
4743;83738
4744;94354
4745;193275
4746;166123
4747;77112
4748;157498
4749;128580
4750;162217
4751;74301
4752;85196
4753;226571
4754;82977
4755;62710
4756;101586
4757;303098
4758;118570
4759;88087
4760;189561
4761;49554
4762;115275
4763;142247
4764;257543
4765;173570
4766;40300
4767;82985
4768;224920
4769;57618
4770;89358
4771;100062
4772;248543
4773;124577
4774;31004
4775;185431
4776;181175
4777;21863
4778;98993
4779;167855
4780;113828
4781;259545
4782;85100
4783;91750
4784;71125
4785;166805
4786;122741
4787;78196
4788;98186
4789;114485
4790;39656
4791;103281
4792;397518
4793;74252
4794;33523
4795;116734
4796;105068
4797;166713
4798;147531
4799;142015
4800;231180
4801;95334
4802;71370
4803;114747
4804;120384
4805;59669
4806;208370
4807;12901
4808;109147
4809;104928
4810;242023
4811;80857
4812;169945
4813;296500
4814;194574
4815;35959
4816;120207
4817;108393
4818;400831
4819;115845
4820;155275
4821;155101
4822;27362
4823;68971
4824;74236
4825;56209
4826;316739
4827;99515
4828;83876
4829;255947
4830;113881
4831;73901
4832;103078
4833;99764
4834;74171
4835;175626
4836;41873
4837;104942
4838;84791
4839;197095
4840;166587
4841;175543
4842;243800
4843;156444
4844;101862
4845;79070
4846;61505
4847;36235
4848;82962
4849;152344
4850;60774
4851;192788
4852;106533
4853;97480
4854;363782
4855;47422
4856;45923
4857;101008
4858;149335
4859;62409
4860;84250
4861;114194
4862;137837
4863;103200
4864;79293
4865;169315
4866;180570
4867;62783
4868;67760
4869;126290
4870;244827
4871;208329
4872;308989
4873;146520
4874;175158
4875;203820
4876;167323
4877;243567
4878;112875
4879;262820
4880;111207
4881;103497
4882;78222
4883;47774
4884;449687
4885;40425
4886;254050
4887;101681
4888;109260
4889;191496
4890;180598
4891;23448
4892;223898
4893;78310
4894;84913
4895;156352
4896;576785
4897;168440
4898;66253
4899;184100
4900;151704
4901;255416
4902;45181
4903;68404
4904;100358
4905;56793
4906;158748
4907;56583
4908;98912
4909;37012
4910;73838
4911;233182
4912;22430
4913;144486
4914;315534
4915;128518
4916;124368
4917;185650
4918;126713
4919;91101
4920;141822
4921;107713
4922;68131
4923;90134
4924;89051
4925;48721
4926;270253
4927;267501
4928;178863
4929;114530
4930;183445
4931;269208
4932;20174
4933;68865
4934;148952
4935;85031
4936;110326
4937;90644
4938;71463
4939;190164
4940;321016
4941;217522
4942;125380
4943;147146
4944;39070
4945;79965
4946;60191
4947;145693
4948;346563
4949;75512
4950;119708
4951;170754
4952;70935
4953;6687
4954;115926
4955;110632
4956;39430
4957;91633
4958;110605
4959;46846
4960;56568
4961;40410
4962;211843
4963;93729
4964;169965
4965;46744
4966;255852
4967;116664
4968;79774
4969;26478
4970;168670
4971;104256
4972;86192
4973;191666
4974;73291
4975;130471
4976;179212
4977;6514
4978;110009
4979;199176
4980;205326
4981;61646
4982;72147
4983;58813
4984;154944
4985;77501
4986;329877
4987;121943
4988;260593
4989;97191
4990;184818
4991;135477
4992;55795
4993;244230
4994;54250
4995;327419
4996;11348
4997;77080
4998;337607
4999;181795
