0;14343060
1;18813874
2;13592530
3;14275699
4;10714365
5;11754860
6;18381527
7;15136934
8;10547703
9;15910443
10;10893620
11;12022228
12;12708026
13;17974383
14;15959550
15;14157630
16;9674222
17;11237098
18;18377872
19;13567007
20;17077212
21;16027300
22;15109168
23;15831332
24;18777667
25;16159973
26;14640707
27;19397911
28;15915671
29;18823181
30;13531068
31;11266661
32;10308166
33;13137449
34;13735007
35;16980953
36;11650964
37;13023376
38;11778172
39;12120698
40;14643872
41;11773065
42;13859538
43;11383917
44;16281719
45;18405857
46;14831488
47;10508531
48;11222431
49;8398657
50;18561344
51;13045650
52;16359137
53;15070519
54;19917226
55;14708632
56;11290028
57;10658097
58;14217133
59;10069185
60;15522716
61;13564693
62;11088982
63;14902366
64;11415880
65;13671264
66;19503313
67;10486575
68;13587875
69;10252350
70;13174199
71;10846323
72;14414513
73;12399818
74;14038719
75;13919564
76;9588613
77;6954118
78;9893415
79;7960492
80;14375289
81;12730348
82;15620727
83;16872366
84;15695537
85;11960394
86;11821280
87;14610699
88;16226514
89;14287320
90;13664353
91;11529766
92;15753271
93;13606739
94;20030708
95;8757197
96;12924575
97;12696459
98;14494854
99;16228682
100;14637432
101;18117010
102;13951350
103;10692421
104;15492423
105;12566468
106;14738195
107;17974756
108;19117810
109;10835600
110;13937563
111;12358342
112;15967386
113;12366892
114;16281202
115;13184615
116;12976831
117;13489955
118;16601212
119;10233592
120;15572920
121;12827272
122;15387165
123;15620945
124;12275783
125;17686655
126;11438203
127;17878993
128;15287074
129;25062637
130;12910136
131;16636131
132;15552403
133;14465761
134;11561935
135;12089793
136;20499366
137;14218117
138;10852599
139;15391601
140;8177405
141;9969298
142;17051580
143;15742574
144;19414070
145;16107625
146;7112165
147;13683612
148;13615315
149;12425344
150;8869480
151;14685864
152;8863198
153;9275530
154;13938125
155;13493904
156;12310695
157;12093154
158;13509153
159;11055410
160;14563405
161;13378593
162;10761153
163;15518986
164;16188794
165;8735921
166;17094254
167;16872401
168;14802746
169;13558497
170;12409741
171;14020731
172;11396697
173;14111599
174;13681281
175;11850742
176;11747765
177;11108582
178;18196033
179;18147000
180;12607925
181;9628666
182;11616060
183;13145338
184;15528984
185;11582838
186;15797363
187;11872741
188;11206081
189;16585797
190;15251561
191;13099711
192;18163897
193;12580536
194;15956002
195;10260177
196;9163076
197;12736394
198;18802787
199;11723371
200;15629601
201;16016450
202;8834400
203;13788287
204;13149434
205;9682198
206;13646922
207;14486042
208;13811162
209;14906672
210;11992805
211;17007074
212;14969183
213;18098368
214;15679353
215;12404205
216;14093710
217;15272436
218;15221877
219;13493902
220;13288544
221;10830240
222;12671581
223;12526473
224;16522119
225;14155489
226;12545581
227;11939353
228;16955660
229;9412224
230;12669357
231;12988284
232;11318816
233;13017872
234;15614436
235;11225151
236;12491639
237;11426632
238;13711206
239;13755179
240;17678387
241;15223912
242;11724321
243;12182581
244;11720157
245;11534702
246;15996180
247;11600834
248;19639378
249;9584761
250;13057028
251;13663616
252;13783527
253;14196227
254;12189624
255;10235177
256;13336829
257;14996148
258;14689980
259;17034500
260;19061687
261;12247600
262;11716957
263;12126406
264;19677374
265;13891006
266;19134943
267;12790395
268;15037882
269;11296666
270;13009487
271;12624858
272;16382537
273;17232139
274;13223977
275;13951115
276;13725021
277;14060610
278;16679584
279;15851091
280;14794057
281;7633267
282;14335012
283;15335753
284;14503027
285;21238655
286;16651397
287;16612040
288;15705125
289;12974907
290;13146695
291;9804344
292;17492438
293;15379622
294;15908581
295;14736270
296;13262113
297;9908482
298;18908222
299;13474675
300;14579312
301;13235584
302;10391425
303;11044471
304;12748036
305;10178587
306;13962814
307;14425037
308;15684615
309;13760346
310;14130982
311;11470783
312;15066941
313;16011291
314;14197252
315;14667019
316;17095472
317;13459686
318;15449294
319;15181748
320;12398368
321;18342920
322;12823194
323;15755158
324;10407293
325;9533256
326;17730209
327;13673636
328;15787782
329;16943737
330;10714860
331;12335923
332;13935762
333;8860336
334;11269955
335;17021919
336;14237208
337;11759668
338;9069882
339;10921843
340;14011142
341;14030279
342;11010671
343;15344680
344;10437889
345;16971088
346;18057279
347;18939925
348;9258108
349;17924285
350;14952348
351;15724278
352;20320322
353;13200587
354;15207658
355;13160466
356;13228662
357;13249957
358;11922948
359;15157013
360;12293025
361;10541545
362;18165922
363;16006013
364;13787974
365;11751818
366;13032138
367;17124599
368;15839297
369;8508705
370;12191437
371;11650338
372;11545682
373;8960646
374;16511430
375;17358209
376;17464728
377;14934956
378;14809964
379;10833796
380;16751793
381;12157609
382;13860501
383;8817571
384;9310944
385;12292377
386;13735352
387;13103189
388;14609510
389;10893105
390;12229289
391;13037544
392;14559970
393;14505991
394;13921756
395;13536058
396;16211484
397;10376380
398;9887734
399;14821196
400;15838241
401;14703817
402;19554352
403;10023195
404;11694840
405;12343859
406;11703648
407;14391194
408;12557983
409;10511025
410;16818482
411;14612578
412;8896605
413;16185540
414;15283428
415;13200687
416;9239170
417;19296899
418;11121595
419;16162165
420;15465112
421;17744540
422;18576219
423;15673788
424;16933012
425;12104598
426;12816311
427;13554634
428;14116459
429;17548651
430;9934790
431;21063468
432;12483302
433;14962866
434;17454269
435;14052807
436;15784246
437;10422847
438;10669414
439;15983366
440;10996768
441;11313517
442;10337398
443;13600835
444;8342660
445;17599804
446;14825217
447;14135769
448;18194487
449;11553483
450;10269520
451;14322144
452;11937689
453;14895839
454;14040792
455;15299259
456;13025381
457;15146499
458;11987237
459;15065964
460;12657704
461;13293128
462;11953213
463;13423997
464;14706165
465;20368962
466;14789646
467;8977259
468;12347408
469;14002112
470;12421860
471;15099463
472;14103652
473;18237934
474;13541458
475;14532030
476;15515353
477;10728701
478;12030806
479;14259619
480;15494044
481;14299821
482;14345126
483;12845896
484;10597570
485;12649025
486;8081071
487;11384151
488;10341280
489;9760591
490;13609433
491;14881544
492;16197636
493;14667348
494;11688352
495;11737661
496;9249237
497;11376647
498;11143940
499;11909840
