0;325066
1;1118626
2;262691
3;1395243
4;1371991
5;2075289
6;564584
7;1545125
8;1410402
9;2457364
10;897611
11;1799903
12;891597
13;441617
14;238447
15;1096874
16;492805
17;1778554
18;1307645
19;973571
20;785258
21;1617698
22;470245
23;543554
24;1123242
25;2721130
26;1714908
27;1210434
28;615182
29;1820262
30;1538680
31;2808090
32;728701
33;2125536
34;1797422
35;2385354
36;749396
37;1918413
38;978486
39;1662683
40;1145023
41;591304
42;875186
43;953183
44;284770
45;1586473
46;1196346
47;958622
48;2060445
49;1291050
50;2789624
51;2039805
52;898257
53;1478708
54;500905
55;1019380
56;2383175
57;1903475
58;677501
59;1407081
60;1924395
61;1386314
62;754932
63;1656480
64;869623
65;687383
66;641691
67;792385
68;734441
69;1055876
70;2255343
71;1154787
72;1839247
73;1641633
74;1389351
75;1381748
76;968315
77;892686
78;1546712
79;525941
80;1048493
81;1126301
82;2956932
83;1690150
84;522060
85;1228603
86;286909
87;722287
88;1004205
89;2517510
90;1371348
91;1236477
92;843412
93;743721
94;1053111
95;877688
96;735116
97;897556
98;1617715
99;749669
100;998819
101;1483634
102;1531850
103;1763143
104;1748940
105;1940876
106;1374536
107;1194822
108;837957
109;792913
110;769660
111;1923698
112;252837
113;658478
114;1440176
115;1511136
116;2809489
117;992693
118;914749
119;761633
120;1246349
121;2088210
122;2415191
123;1299732
124;1557688
125;794092
126;1175011
127;1907595
128;692004
129;1378042
130;1729106
131;982350
132;602126
133;1861406
134;611009
135;1666426
136;1215423
137;663451
138;508796
139;1696788
140;496203
141;983776
142;5123273
143;4304751
144;618696
145;224949
146;257016
147;1847301
148;2676003
149;812292
150;1283236
151;1976830
152;1759301
153;1635089
154;1755320
155;892711
156;1130680
157;629952
158;481407
159;2301533
160;1265716
161;258923
162;1049760
163;404568
164;932778
165;852593
166;1153744
167;507883
168;1248353
169;449496
170;1806557
171;1289534
172;1305291
173;522465
174;1602156
175;1283041
176;1552992
177;674744
178;1576960
179;1246493
180;1427820
181;2121796
182;1768716
183;1540777
184;1003998
185;3295037
186;1103468
187;1150520
188;1034211
189;840908
190;1375689
191;1800890
192;694236
193;906801
194;1402765
195;1783043
196;1057098
197;667527
198;3029075
199;950202
200;3032292
201;126200
202;801890
203;1532549
204;1584972
205;856275
206;2415027
207;882896
208;1409898
209;1376835
210;1042944
211;1411350
212;1231620
213;1189338
214;2179661
215;385431
216;1968927
217;191193
218;1945440
219;790084
220;2315050
221;701587
222;3133520
223;610815
224;981116
225;1006411
226;2194788
227;1754258
228;1005615
229;1563788
230;1080220
231;1511230
232;1319886
233;421689
234;643657
235;1465500
236;1035552
237;4019483
238;1718055
239;980201
240;1360780
241;392958
242;967971
243;939362
244;1566891
245;579279
246;1479471
247;467202
248;2189964
249;1144172
250;2523504
251;1496590
252;423412
253;1447183
254;2518878
255;1035196
256;813694
257;384198
258;1246710
259;2039172
260;1814691
261;358138
262;780314
263;830400
264;1266255
265;1846231
266;1578598
267;273742
268;1168678
269;1142266
270;1626578
271;857943
272;1595418
273;1484814
274;1149984
275;1125606
276;1933521
277;1593729
278;74357
279;1660974
280;2206586
281;347101
282;1016758
283;510375
284;930936
285;1130524
286;2206085
287;3098946
288;1579234
289;2158996
290;1998269
291;211880
292;660949
293;1913683
294;1388990
295;534284
296;852384
297;671917
298;1183577
299;1222378
300;492568
301;695421
302;1072621
303;1276025
304;1327562
305;2075746
306;1204722
307;1155698
308;1234213
309;243396
310;2097133
311;862545
312;340446
313;1536733
314;1458705
315;1484080
316;1074870
317;1256330
318;1183248
319;839882
320;619230
321;39364
322;841140
323;1666576
324;1097491
325;2836200
326;1366206
327;658248
328;4431771
329;1525719
330;981232
331;2543720
332;55190
333;1960362
334;2158964
335;2720080
336;1895377
337;1806170
338;1065574
339;872605
340;1350132
341;752663
342;297686
343;1917435
344;1778315
345;321318
346;1017183
347;1488655
348;1531998
349;1435478
350;3512101
351;663670
352;1430281
353;240612
354;96171
355;579641
356;900504
357;1045927
358;744150
359;122633
360;2883904
361;1728872
362;3362127
363;756669
364;888479
365;540165
366;268891
367;841472
368;554569
369;1706542
370;933357
371;1751179
372;524750
373;1430356
374;846956
375;1228616
376;559535
377;811244
378;1412172
379;922834
380;861496
381;519075
382;600928
383;1096871
384;2236660
385;1373650
386;1088552
387;940648
388;815298
389;96170
390;1395230
391;760968
392;879209
393;1722268
394;898990
395;31935
396;1340688
397;1137370
398;1137853
399;2545170
400;1739536
401;1356406
402;1350111
403;781559
404;2460851
405;1474725
406;554844
407;2801363
408;2998641
409;532753
410;6320
411;1512372
412;2325563
413;3036570
414;1293382
415;1534926
416;1240619
417;1700866
418;1674512
419;412323
420;2035055
421;1075032
422;1253427
423;1899791
424;1337571
425;1498846
426;1115846
427;2861427
428;1080220
429;1470106
430;100471
431;1824517
432;1724236
433;1149861
434;1263435
435;1108849
436;2206261
437;1537070
438;1327096
439;213424
440;761584
441;1590949
442;579040
443;1082662
444;2161712
445;2529289
446;530301
447;802088
448;2798407
449;2547133
450;643883
451;1281588
452;1816052
453;1326744
454;427137
455;1157032
456;2608083
457;1180881
458;870398
459;2404884
460;1052038
461;1660187
462;1193305
463;1785403
464;562532
465;1979169
466;2421195
467;1260198
468;2363865
469;1558691
470;395711
471;1794036
472;1522883
473;1292042
474;1806555
475;1512301
476;2389224
477;1563944
478;908023
479;1292898
480;1675542
481;1515529
482;1691901
483;1079751
484;3376384
485;615989
486;1197312
487;1575661
488;449719
489;3162452
490;1683093
491;1590961
492;2621401
493;1273673
494;1270705
495;930467
496;1471321
497;2777340
498;1611585
499;767171
500;2354003
501;1224052
502;741228
503;630331
504;1536407
505;921761
506;500905
507;847334
508;1510659
509;2408843
510;1973543
511;747256
512;1487711
513;1489980
514;389212
515;1781896
516;983706
517;1732698
518;809227
519;1501388
520;1961293
521;865892
522;642655
523;455830
524;1924021
525;1155870
526;1801046
527;775781
528;990375
529;1147751
530;1693148
531;931316
532;2185827
533;1285436
534;1247545
535;1288820
536;1067684
537;1883845
538;664470
539;2082059
540;1181879
541;1214024
542;1457171
543;1346990
544;2713647
545;1781515
546;653830
547;1836490
548;1877267
549;1672441
550;1357407
551;1620989
552;1335427
553;2416348
554;1520861
555;2046185
556;318536
557;931015
558;375368
559;887292
560;1805430
561;1391591
562;2748447
563;3583188
564;1395956
565;1567795
566;1300664
567;989812
568;1396674
569;1906244
570;1429127
571;1268508
572;606885
573;2051678
574;1995920
575;670875
576;2901685
577;524897
578;1642918
579;1557200
580;1213019
581;2450350
582;2331259
583;2182157
584;1517351
585;352529
586;1190829
587;1571589
588;1581790
589;1702567
590;2773584
591;1391041
592;88252
593;1127843
594;1336318
595;931139
596;1842424
597;411880
598;596857
599;1947341
600;2192710
601;2765527
602;1237628
603;1503983
604;1355219
605;781174
606;1462390
607;1853441
608;594834
609;1979041
610;1059731
611;1310696
612;952885
613;1122942
614;466765
615;2343800
616;1337915
617;2823277
618;2106983
619;2010881
620;800545
621;1499984
622;646563
623;825371
624;1144915
625;1760548
626;1830821
627;1304131
628;1084179
629;1166512
630;1074779
631;2191944
632;1623912
633;1166068
634;2477658
635;1165501
636;2182958
637;1049470
638;655117
639;1427529
640;524811
641;705686
642;661957
643;1208019
644;1573977
645;1382404
646;1143836
647;1017141
648;825620
649;1289432
650;887460
651;969968
652;939963
653;1041397
654;707816
655;1934019
656;758563
657;1700160
658;1658258
659;1217211
660;2059231
661;2333516
662;999483
663;1480542
664;1439416
665;1587356
666;1301301
667;1449520
668;537781
669;1043868
670;698496
671;2414007
672;2328114
673;1244661
674;2473020
675;2045606
676;1060198
677;633962
678;829908
679;1899637
680;1241540
681;863935
682;1226200
683;1477785
684;2414949
685;893348
686;719382
687;449377
688;1116085
689;1032052
690;849411
691;3156281
692;956705
693;900498
694;1401698
695;1086202
696;470959
697;1056966
698;2284342
699;1384951
700;1000194
701;1277798
702;2024780
703;1371719
704;435512
705;1496555
706;1721550
707;948492
708;294484
709;723412
710;1615049
711;1642100
712;1189218
713;966714
714;105806
715;2050115
716;1311816
717;2440817
718;945915
719;1612125
720;967342
721;1094700
722;1124727
723;591085
724;794827
725;332691
726;379501
727;1379137
728;1976463
729;1534572
730;859713
731;2007491
732;1220438
733;2458334
734;1644250
735;2340268
736;1321392
737;927563
738;1023329
739;611010
740;911984
741;1821878
742;1490077
743;715161
744;2151706
745;875894
746;1840403
747;1007912
748;1814003
749;1922850
750;530639
751;311713
752;1049008
753;2705868
754;587714
755;1293607
756;441068
757;349693
758;2903656
759;1470541
760;598280
761;1772218
762;1577610
763;1255863
764;2659765
765;828884
766;1083426
767;421457
768;1589171
769;844053
770;2132737
771;257892
772;1147840
773;1850624
774;1624839
775;305322
776;1229738
777;747748
778;586616
779;669282
780;2629514
781;1861380
782;864364
783;2868425
784;1504165
785;659603
786;1241951
787;1922168
788;1013334
789;368274
790;949924
791;816362
792;1417971
793;1423808
794;1811562
795;766565
796;1666639
797;473172
798;2267308
799;1313272
800;1083065
801;1541827
802;1075803
803;992901
804;1047308
805;912562
806;1424222
807;1158410
808;1718817
809;1716332
810;1503749
811;1171028
812;1020892
813;1184933
814;1248959
815;1853270
816;1043946
817;988415
818;1850383
819;1423824
820;1749218
821;606654
822;2140875
823;714004
824;1410866
825;3971307
826;2167458
827;776763
828;1505195
829;1537350
830;1775485
831;1344706
832;1737760
833;1594723
834;968270
835;2343460
836;1769155
837;2125735
838;1944592
839;2641355
840;785797
841;1097554
842;1667901
843;951659
844;753425
845;1747535
846;1233634
847;905756
848;902566
849;1801635
850;445750
851;2124843
852;598161
853;1367623
854;309806
855;1074275
856;861102
857;985065
858;385644
859;1461239
860;765703
861;3268010
862;2252142
863;1469256
864;2906050
865;1421572
866;1339928
867;321380
868;1959765
869;1254781
870;1978552
871;459153
872;1271803
873;652060
874;1516887
875;1168850
876;1915636
877;871756
878;1907845
879;2731167
880;1353497
881;3814554
882;1772826
883;1987466
884;1198749
885;2419621
886;1177279
887;1382698
888;2526870
889;1608270
890;725206
891;1379696
892;1561350
893;767229
894;2059562
895;1246049
896;1719998
897;2809270
898;1793574
899;951973
900;1147985
901;2309282
902;1066731
903;1204904
904;862234
905;620658
906;1312698
907;2175015
908;800420
909;2167492
910;2122035
911;859507
912;1071115
913;1377672
914;594158
915;1674668
916;1741096
917;909765
918;3030816
919;2508660
920;1119578
921;1595252
922;3027725
923;1988785
924;662723
925;977702
926;399273
927;2067449
928;689869
929;1710192
930;586289
931;35307
932;1537641
933;869841
934;847589
935;1433841
936;2139409
937;2651550
938;258887
939;512891
940;1402182
941;2767771
942;1021664
943;1982058
944;1658083
945;345069
946;1037482
947;1124958
948;915077
949;2437632
950;1314111
951;1511616
952;816910
953;2316275
954;1033771
955;934394
956;2605380
957;2684575
958;592375
959;930417
960;1246414
961;946401
962;1921837
963;1319662
964;2003000
965;575736
966;1232772
967;1421934
968;1981692
969;770036
970;1032982
971;775167
972;769463
973;1160956
974;2891320
975;966109
976;1447692
977;1225801
978;154695
979;2114395
980;1238005
981;844374
982;668192
983;2131242
984;2277529
985;1175075
986;697751
987;2075919
988;405225
989;1320686
990;990045
991;2461983
992;579537
993;835109
994;1130361
995;1286615
996;275568
997;1437856
998;605661
999;1980452
1000;1212803
1001;427761
1002;1480596
1003;1967563
1004;1451854
1005;1188750
1006;1929490
1007;668456
1008;550773
1009;869546
1010;472222
1011;1695102
1012;1546387
1013;2239837
1014;1188518
1015;970100
1016;2215810
1017;1351032
1018;1138963
1019;1680061
1020;229237
1021;886365
1022;1419481
1023;1540766
1024;604437
1025;1350811
1026;2480581
1027;871547
1028;1390030
1029;880996
1030;1382076
1031;1767973
1032;1616581
1033;1641237
1034;2127254
1035;2111651
1036;938254
1037;1561638
1038;713898
1039;438374
1040;1030064
1041;1014625
1042;842715
1043;2704016
1044;3152367
1045;1987366
1046;2751526
1047;1047748
1048;1465228
1049;795653
1050;1906496
1051;497890
1052;2006324
1053;1418192
1054;1260384
1055;2131459
1056;1391501
1057;530754
1058;592390
1059;64488
1060;1486956
1061;823778
1062;988750
1063;878069
1064;152802
1065;413644
1066;1422298
1067;732591
1068;1642000
1069;1563146
1070;889505
1071;1068240
1072;2893726
1073;1940241
1074;1353380
1075;2037241
1076;1500534
1077;1192384
1078;1217140
1079;704722
1080;488807
1081;1413808
1082;950731
1083;550556
1084;1539532
1085;906100
1086;371429
1087;1643055
1088;1207953
1089;986210
1090;1529752
1091;1028069
1092;856201
1093;295377
1094;2063126
1095;699361
1096;1849734
1097;1451159
1098;504863
1099;1708193
1100;1883951
1101;816914
1102;841914
1103;997232
1104;923273
1105;2173590
1106;2224791
1107;967511
1108;1338300
1109;1463725
1110;1830433
1111;580523
1112;1129105
1113;1259257
1114;833391
1115;857883
1116;2061228
1117;3173150
1118;1066226
1119;1252037
1120;2320000
1121;1265926
1122;1017468
1123;2325678
1124;1283893
1125;461071
1126;1216716
1127;952206
1128;1721789
1129;839742
1130;1479317
1131;1675725
1132;1978628
1133;1696056
1134;1184651
1135;751745
1136;1109909
1137;1520459
1138;775195
1139;3558601
1140;271983
1141;1602824
1142;1136353
1143;550947
1144;730754
1145;605124
1146;1223346
1147;1420292
1148;2074859
1149;1117914
1150;868521
1151;2760952
1152;1525056
1153;2752595
1154;2589413
1155;2967060
1156;1822640
1157;692370
1158;1203585
1159;1538192
1160;2641625
1161;865164
1162;1503636
1163;933558
1164;1241229
1165;1685175
1166;711170
1167;949498
1168;1112434
1169;889038
1170;550350
1171;1554584
1172;2040165
1173;363181
1174;858750
1175;1715922
1176;1221961
1177;2489992
1178;2044263
1179;2196495
1180;1382811
1181;900578
1182;2891686
1183;878483
1184;1774106
1185;1170176
1186;1072113
1187;1506666
1188;820495
1189;1262613
1190;274423
1191;1969584
1192;564914
1193;336057
1194;2403401
1195;1012595
1196;2160917
1197;1040364
1198;414977
1199;2241920
1200;1922120
1201;1572902
1202;1490462
1203;1597560
1204;1801327
1205;1283655
1206;1774051
1207;807141
1208;2122228
1209;170591
1210;971119
1211;1959558
1212;1196225
1213;1499466
1214;2069231
1215;1113986
1216;1654137
1217;2539619
1218;840303
1219;906646
1220;1098383
1221;1208498
1222;1416320
1223;1037908
1224;1678625
1225;2136541
1226;1082945
1227;760833
1228;1063805
1229;2068221
1230;2003082
1231;2206907
1232;2633039
1233;1256850
1234;1382571
1235;1056268
1236;1450224
1237;695632
1238;806504
1239;2492813
1240;533585
1241;794041
1242;690598
1243;1297348
1244;1536948
1245;817030
1246;1756913
1247;1732771
1248;1258538
1249;1986996
1250;1061951
1251;814684
1252;1086780
1253;1887220
1254;1579975
1255;2358042
1256;763878
1257;721466
1258;30442
1259;909769
1260;1298972
1261;855293
1262;1589750
1263;1916600
1264;329670
1265;75724
1266;1452894
1267;402758
1268;1412073
1269;986627
1270;1446591
1271;579687
1272;4134509
1273;1726208
1274;903882
1275;1472650
1276;767835
1277;2704148
1278;716755
1279;1059849
1280;1648912
1281;2360546
1282;315488
1283;686753
1284;2570726
1285;1174870
1286;354325
1287;1290215
1288;850595
1289;3080540
1290;278685
1291;2068432
1292;1611603
1293;654900
1294;2291671
1295;1433428
1296;2983301
1297;2016914
1298;862149
1299;821988
1300;1749075
1301;856375
1302;450258
1303;1163155
1304;580375
1305;1251686
1306;1576490
1307;1700502
1308;1576365
1309;496820
1310;1256209
1311;696323
1312;381863
1313;2148245
1314;1596367
1315;1072843
1316;2182854
1317;565945
1318;1737810
1319;979678
1320;2590150
1321;1056703
1322;1764797
1323;1842901
1324;1098632
1325;1118590
1326;345906
1327;1117708
1328;1882572
1329;1345375
1330;839308
1331;1026844
1332;1256088
1333;500497
1334;953924
1335;769581
1336;899575
1337;1946360
1338;834511
1339;651101
1340;2693037
1341;1283240
1342;240877
1343;2714303
1344;830131
1345;2351118
1346;385130
1347;1720561
1348;2703385
1349;1228204
1350;846552
1351;936918
1352;1009309
1353;1612996
1354;2260353
1355;710691
1356;1116562
1357;816257
1358;2261202
1359;704156
1360;1930371
1361;666972
1362;1313405
1363;2393113
1364;1567000
1365;823581
1366;872249
1367;828200
1368;1042544
1369;1089833
1370;2166205
1371;1685692
1372;556919
1373;1626013
1374;2150916
1375;2610843
1376;1986109
1377;543129
1378;1105686
1379;1833881
1380;3055764
1381;363555
1382;1647336
1383;1489927
1384;509086
1385;1091594
1386;1993173
1387;1443432
1388;1291718
1389;1182639
1390;2149222
1391;2494824
1392;1932522
1393;1267341
1394;5183102
1395;1303605
1396;1350817
1397;2802392
1398;615122
1399;213537
1400;2169974
1401;477873
1402;515980
1403;866646
1404;863388
1405;2225198
1406;289330
1407;1170926
1408;1853783
1409;2242423
1410;3070317
1411;1254125
1412;1963922
1413;6173
1414;1337126
1415;1772638
1416;562094
1417;1976958
1418;1983533
1419;1439764
1420;585597
1421;1795090
1422;558240
1423;1140766
1424;3756827
1425;1840311
1426;554311
1427;1463894
1428;1589224
1429;1611627
1430;1049046
1431;1941720
1432;1724151
1433;998682
1434;480145
1435;933255
1436;1521862
1437;1550135
1438;1038526
1439;1326183
1440;1641586
1441;1618886
1442;1654733
1443;1253957
1444;1058996
1445;1543907
1446;1212377
1447;999584
1448;1962971
1449;970446
1450;1989646
1451;1778208
1452;1571049
1453;1201828
1454;1271927
1455;2844363
1456;2188837
1457;258648
1458;460761
1459;519093
1460;778355
1461;2005563
1462;700686
1463;1374790
1464;654793
1465;1867931
1466;691759
1467;859198
1468;1272128
1469;1765046
1470;1658687
1471;1133503
1472;1645164
1473;568626
1474;2629956
1475;1347954
1476;820582
1477;747082
1478;754644
1479;2014663
1480;907903
1481;600420
1482;553943
1483;2705162
1484;1519605
1485;444571
1486;822638
1487;709552
1488;410344
1489;475138
1490;217359
1491;1933400
1492;1176096
1493;1455998
1494;1261305
1495;820019
1496;997129
1497;2258249
1498;2709828
1499;2850182
1500;1272550
1501;2418911
1502;2305552
1503;1786585
1504;2432638
1505;426734
1506;1263782
1507;367064
1508;232078
1509;921716
1510;57783
1511;781172
1512;2944565
1513;691715
1514;1653542
1515;814024
1516;1177592
1517;2061673
1518;2299249
1519;2268547
1520;2456129
1521;1035762
1522;3173600
1523;1370780
1524;1336698
1525;259321
1526;1575512
1527;2603598
1528;1043435
1529;423287
1530;2291469
1531;1865440
1532;3797758
1533;551524
1534;939586
1535;855051
1536;141184
1537;848594
1538;2588171
1539;983096
1540;2372132
1541;656481
1542;349192
1543;1937952
1544;935031
1545;660498
1546;1026614
1547;2006934
1548;652245
1549;1721023
1550;1676087
1551;367701
1552;2710127
1553;583342
1554;665966
1555;995655
1556;2441727
1557;1224498
1558;1488639
1559;1415419
1560;1998539
1561;2909124
1562;1048470
1563;1319766
1564;12319
1565;549424
1566;968678
1567;2449212
1568;1647796
1569;2947746
1570;1775631
1571;2564433
1572;1781540
1573;388062
1574;848872
1575;1100244
1576;1242332
1577;269396
1578;1479329
1579;3737892
1580;495918
1581;616832
1582;511936
1583;4276717
1584;217588
1585;903983
1586;174089
1587;934872
1588;242940
1589;827188
1590;3211378
1591;1173150
1592;977147
1593;1276194
1594;1445051
1595;892243
1596;1434455
1597;2049090
1598;1193076
1599;1447955
1600;1486944
1601;861265
1602;1069754
1603;890704
1604;891438
1605;745825
1606;2336678
1607;1270961
1608;172474
1609;978081
1610;911916
1611;2063496
1612;895810
1613;974488
1614;1535365
1615;2610711
1616;1804766
1617;1227628
1618;702292
1619;2107558
1620;1080104
1621;736000
1622;985271
1623;1243761
1624;288648
1625;533428
1626;952090
1627;1222266
1628;1060608
1629;762220
1630;962287
1631;1803647
1632;561595
1633;3551451
1634;329373
1635;1413400
1636;1322260
1637;1304560
1638;1281816
1639;307159
1640;1744462
1641;2296058
1642;2187830
1643;219092
1644;715506
1645;1945481
1646;2789507
1647;1742526
1648;1215709
1649;2962934
1650;134913
1651;1001566
1652;1075166
1653;722580
1654;2389083
1655;2725463
1656;1022239
1657;443910
1658;2135140
1659;1142025
1660;499267
1661;861690
1662;223778
1663;671220
1664;732345
1665;890431
1666;428536
1667;1597132
1668;891070
1669;1015537
1670;2732425
1671;1010836
1672;980594
1673;3195058
1674;675513
1675;2082355
1676;3084828
1677;1342306
1678;666462
1679;1830868
1680;291600
1681;1279853
1682;1632173
1683;1370973
1684;2965310
1685;1186918
1686;1693500
1687;1621030
1688;459328
1689;3918751
1690;668857
1691;1850835
1692;1315694
1693;996460
1694;1056401
1695;2756758
1696;1981019
1697;3969717
1698;1767178
1699;1942777
1700;1038848
1701;1071635
1702;2884544
1703;1087773
1704;868761
1705;836900
1706;2578534
1707;1999244
1708;1549681
1709;2611500
1710;550213
1711;2672196
1712;1608237
1713;1529362
1714;1976587
1715;951273
1716;1050675
1717;2083377
1718;1483433
1719;1761663
1720;1435128
1721;1048137
1722;1889358
1723;1301093
1724;1139837
1725;1233201
1726;1038827
1727;1779563
1728;493088
1729;673490
1730;642941
1731;1360074
1732;2718163
1733;785529
1734;1083477
1735;792638
1736;1684553
1737;2111109
1738;1049303
1739;3133814
1740;1658644
1741;1916745
1742;1427186
1743;432064
1744;1204291
1745;1514544
1746;2093512
1747;1145184
1748;1802486
1749;1056044
1750;1031120
1751;1370726
1752;902668
1753;634874
1754;668253
1755;2025520
1756;2844810
1757;479384
1758;2554586
1759;2712853
1760;1140639
1761;1237643
1762;2693565
1763;1151157
1764;1590633
1765;1570472
1766;1176270
1767;2544185
1768;1422240
1769;2029694
1770;2725044
1771;1327924
1772;1580027
1773;1801509
1774;2341809
1775;1490098
1776;961042
1777;446773
1778;968794
1779;1228686
1780;928312
1781;3153433
1782;1233626
1783;325215
1784;1576701
1785;1180409
1786;743283
1787;677048
1788;2103390
1789;1014289
1790;967830
1791;1609936
1792;586194
1793;723669
1794;725230
1795;2085274
1796;961656
1797;1666885
1798;1144345
1799;1508929
1800;902174
1801;1794364
1802;3363871
1803;1344986
1804;621433
1805;846474
1806;866174
1807;1757023
1808;1216084
1809;2454558
1810;1643619
1811;1855654
1812;704294
1813;1302262
1814;1113926
1815;1322928
1816;1981723
1817;881174
1818;1628196
1819;1340790
1820;776848
1821;532743
1822;1571381
1823;1253669
1824;704600
1825;1776247
1826;1375881
1827;1079939
1828;2020227
1829;999981
1830;919691
1831;2244387
1832;1249121
1833;2059468
1834;1521403
1835;1534640
1836;2492905
1837;404179
1838;2160014
1839;502404
1840;1117810
1841;2008549
1842;324791
1843;499878
1844;1530741
1845;951283
1846;1072528
1847;599871
1848;805783
1849;1241559
1850;1862718
1851;1451222
1852;893947
1853;801030
1854;1179979
1855;2242819
1856;1656354
1857;658688
1858;1659270
1859;1467551
1860;2563481
1861;1042004
1862;790613
1863;3428681
1864;3060780
1865;1840998
1866;1588334
1867;1944365
1868;682588
1869;402933
1870;1077924
1871;466241
1872;663414
1873;530666
1874;859693
1875;1747908
1876;1964105
1877;724075
1878;448432
1879;2054662
1880;1555811
1881;962541
1882;1770307
1883;1173510
1884;2969066
1885;1252883
1886;1153474
1887;1514311
1888;709782
1889;2277680
1890;2571032
1891;1781293
1892;583016
1893;832252
1894;1350471
1895;758543
1896;829846
1897;274749
1898;1157575
1899;523812
1900;1176193
1901;2922226
1902;1357898
1903;1521244
1904;1048205
1905;1694452
1906;2029842
1907;2300428
1908;735460
1909;1280543
1910;1416558
1911;466900
1912;1045255
1913;949176
1914;946542
1915;845803
1916;523091
1917;823939
1918;1136559
1919;991127
1920;463461
1921;1033492
1922;755136
1923;4033578
1924;1436539
1925;1807404
1926;1142176
1927;2284957
1928;1887727
1929;3114854
1930;2572269
1931;677352
1932;1493816
1933;488998
1934;2744245
1935;1548075
1936;1945357
1937;1373629
1938;612947
1939;773953
1940;3715429
1941;419753
1942;682244
1943;873564
1944;1636895
1945;773512
1946;735502
1947;1159082
1948;799943
1949;1398026
1950;1814486
1951;1292656
1952;911611
1953;2488755
1954;1139945
1955;962845
1956;2021421
1957;1189747
1958;1812201
1959;2001450
1960;3760190
1961;2135928
1962;726993
1963;1847180
1964;1618714
1965;1758343
1966;268981
1967;991125
1968;689193
1969;1979862
1970;1485096
1971;1247630
1972;1369364
1973;1653426
1974;2212076
1975;3455883
1976;957940
1977;927061
1978;2694534
1979;382488
1980;1303375
1981;1289993
1982;1881266
1983;589582
1984;1577829
1985;2554069
1986;1749910
1987;1398421
1988;472552
1989;748292
1990;720631
1991;728959
1992;2012989
1993;1378918
1994;1574690
1995;748690
1996;1246000
1997;3187253
1998;889160
1999;916115
2000;2917287
2001;1436669
2002;1290100
2003;2164293
2004;839952
2005;376093
2006;733060
2007;637249
2008;208373
2009;1509313
2010;1919852
2011;1149590
2012;1949490
2013;2100910
2014;1425147
2015;1947215
2016;1250720
2017;1211175
2018;1097189
2019;1887881
2020;2230978
2021;1972223
2022;1118811
2023;1252560
2024;1310121
2025;1346612
2026;1814566
2027;1459749
2028;488160
2029;2584360
2030;1381648
2031;522337
2032;2434855
2033;1696847
2034;1098504
2035;1931174
2036;98280
2037;1265680
2038;1577876
2039;1639144
2040;1693521
2041;2709457
2042;435552
2043;1047853
2044;1031343
2045;1043058
2046;1193316
2047;1216464
2048;1076202
2049;1275646
2050;779067
2051;871573
2052;1762796
2053;970505
2054;1902172
2055;2209768
2056;1923676
2057;2088073
2058;1604736
2059;1325098
2060;2657551
2061;968320
2062;2860968
2063;785937
2064;1092973
2065;1174183
2066;122546
2067;511475
2068;676278
2069;1988646
2070;571814
2071;679527
2072;591164
2073;628498
2074;828161
2075;541991
2076;153650
2077;1157944
2078;1262415
2079;1211242
2080;921818
2081;896613
2082;873275
2083;1511968
2084;1824900
2085;505232
2086;1781536
2087;1556831
2088;2200730
2089;1802798
2090;1735094
2091;2953108
2092;1493080
2093;1068432
2094;1418341
2095;626236
2096;3374263
2097;709121
2098;1522256
2099;1138329
2100;1375574
2101;2648752
2102;580465
2103;848537
2104;803667
2105;2361574
2106;1001212
2107;1181347
2108;1710984
2109;986684
2110;528017
2111;440285
2112;373145
2113;2160395
2114;2012271
2115;1688073
2116;483586
2117;522391
2118;1598116
2119;945809
2120;1151437
2121;476720
2122;1032423
2123;2520004
2124;1134917
2125;1763945
2126;704863
2127;692858
2128;791767
2129;2980195
2130;784471
2131;2847300
2132;2530078
2133;3701266
2134;1241304
2135;1579562
2136;928134
2137;1721903
2138;1409306
2139;948559
2140;1481359
2141;584921
2142;2148856
2143;1329457
2144;1014043
2145;1271769
2146;833143
2147;1168650
2148;499646
2149;1291519
2150;2957023
2151;1579272
2152;1311858
2153;905771
2154;742098
2155;2060683
2156;1660777
2157;715567
2158;1595900
2159;868705
2160;190804
2161;1743484
2162;879035
2163;888840
2164;1614137
2165;1025464
2166;757506
2167;1689513
2168;212104
2169;1547000
2170;1598689
2171;1956601
2172;1453267
2173;445934
2174;1127355
2175;865749
2176;266257
2177;662081
2178;1992596
2179;1067554
2180;256679
2181;2446147
2182;569353
2183;1453214
2184;1564509
2185;667946
2186;522544
2187;2050513
2188;1279679
2189;1526196
2190;1226324
2191;1695851
2192;1505205
2193;661106
2194;1718754
2195;963255
2196;1401374
2197;1019409
2198;1017376
2199;2235698
2200;1401306
2201;703913
2202;1966507
2203;1587800
2204;1855542
2205;591038
2206;1532196
2207;929286
2208;917421
2209;1487710
2210;606579
2211;2116261
2212;1302271
2213;2068087
2214;1302091
2215;863316
2216;1649854
2217;1690926
2218;7139
2219;2650443
2220;1418828
2221;1083930
2222;1832687
2223;1701203
2224;1444808
2225;213993
2226;2819900
2227;1759913
2228;1475264
2229;1166107
2230;2231650
2231;1225030
2232;2048253
2233;586375
2234;1975180
2235;953998
2236;524905
2237;1368632
2238;1109291
2239;773629
2240;207648
2241;1851552
2242;1252543
2243;930216
2244;2095009
2245;2167680
2246;1147597
2247;1242354
2248;648356
2249;939338
2250;1344356
2251;872625
2252;405342
2253;515683
2254;82028
2255;1500911
2256;1037236
2257;1158358
2258;1138910
2259;1464367
2260;1352683
2261;1500873
2262;1369106
2263;1023712
2264;471796
2265;1908031
2266;1078048
2267;1415098
2268;1752834
2269;1050825
2270;663507
2271;1365521
2272;659385
2273;1757560
2274;1016787
2275;2256788
2276;455416
2277;495605
2278;982757
2279;716104
2280;1634904
2281;1383940
2282;1477652
2283;392713
2284;2249770
2285;699723
2286;1215035
2287;355027
2288;117570
2289;1653025
2290;768378
2291;632372
2292;2200143
2293;555522
2294;1319855
2295;193217
2296;1590528
2297;692911
2298;1365217
2299;2421613
2300;1630932
2301;1829874
2302;1226777
2303;546718
2304;1482306
2305;1017544
2306;691463
2307;1796298
2308;1004443
2309;1582535
2310;1128733
2311;939463
2312;961920
2313;671803
2314;804131
2315;478732
2316;2156415
2317;1103839
2318;823346
2319;768337
2320;1450042
2321;1033613
2322;933806
2323;1100560
2324;1124020
2325;1314295
2326;1105214
2327;579122
2328;864505
2329;1803482
2330;1665360
2331;110283
2332;1139983
2333;992097
2334;1801493
2335;607275
2336;544802
2337;57694
2338;2143472
2339;533529
2340;1156761
2341;1408929
2342;1300597
2343;1600484
2344;2862781
2345;752834
2346;2657619
2347;935113
2348;2825115
2349;1655254
2350;787798
2351;1074138
2352;1906491
2353;518898
2354;2725100
2355;1649346
2356;1833432
2357;1481401
2358;1297132
2359;1714831
2360;396932
2361;597322
2362;1171923
2363;1336142
2364;2074757
2365;768185
2366;1258934
2367;1505326
2368;815814
2369;1245421
2370;1684802
2371;3418598
2372;698059
2373;378358
2374;1879604
2375;2552964
2376;1723362
2377;465028
2378;6089
2379;1341908
2380;2135334
2381;1119351
2382;895654
2383;1151009
2384;1403735
2385;892366
2386;1664291
2387;403779
2388;630809
2389;1981408
2390;753805
2391;3691001
2392;1992526
2393;2054036
2394;858550
2395;1284030
2396;688016
2397;1352788
2398;1482030
2399;991446
2400;1567662
2401;1496063
2402;1763711
2403;1086836
2404;475856
2405;1000085
2406;2284943
2407;2546974
2408;269131
2409;849100
2410;896460
2411;1192389
2412;987677
2413;2673469
2414;826995
2415;2748820
2416;1658183
2417;630873
2418;2612264
2419;964491
2420;1856455
2421;2370508
2422;1205768
2423;1414246
2424;2057032
2425;1142002
2426;1484647
2427;551690
2428;1599575
2429;864182
2430;1341250
2431;937914
2432;1095837
2433;2523904
2434;2089000
2435;1211033
2436;846636
2437;1672098
2438;1246370
2439;782698
2440;1503042
2441;1878692
2442;1051424
2443;1892477
2444;1741072
2445;2085270
2446;925131
2447;1356193
2448;1021638
2449;1172563
2450;665715
2451;2203925
2452;2753637
2453;1961728
2454;1675721
2455;2171055
2456;1935853
2457;1442739
2458;1101575
2459;998000
2460;1160972
2461;1658894
2462;1056960
2463;2031897
2464;1305610
2465;826471
2466;920234
2467;274329
2468;595755
2469;624954
2470;818159
2471;2800871
2472;1209570
2473;802311
2474;1579420
2475;1107913
2476;1333378
2477;1212738
2478;951762
2479;663966
2480;312692
2481;325327
2482;824917
2483;2924594
2484;636412
2485;1152407
2486;1481515
2487;1504784
2488;1143828
2489;2187552
2490;1508346
2491;1012994
2492;1186705
2493;1100438
2494;2029366
2495;741907
2496;1637496
2497;536891
2498;1229454
2499;1987596
2500;1125556
2501;882560
2502;2093715
2503;1305280
2504;1830297
2505;706498
2506;1092727
2507;974727
2508;1025069
2509;1507046
2510;590393
2511;1156007
2512;1374538
2513;1135373
2514;1150255
2515;869866
2516;1161140
2517;977777
2518;977407
2519;113013
2520;490567
2521;136405
2522;1798912
2523;2361422
2524;1237921
2525;786743
2526;2230776
2527;1640482
2528;646748
2529;1582353
2530;1487090
2531;1391357
2532;1640368
2533;1099410
2534;449657
2535;585450
2536;868373
2537;1075775
2538;930136
2539;1436849
2540;415938
2541;1551521
2542;534410
2543;1493022
2544;748814
2545;540094
2546;632710
2547;1304052
2548;772687
2549;911817
2550;2541125
2551;1443927
2552;774650
2553;5719
2554;315316
2555;1080393
2556;2763721
2557;934247
2558;823320
2559;1649090
2560;2138944
2561;695457
2562;1145924
2563;959885
2564;1192016
2565;1115210
2566;1089673
2567;1114650
2568;2994094
2569;539672
2570;2561465
2571;738418
2572;729763
2573;3082081
2574;680020
2575;845690
2576;2264822
2577;949545
2578;979777
2579;938329
2580;739873
2581;247392
2582;1104948
2583;3574430
2584;1820598
2585;1551523
2586;1535571
2587;1024658
2588;414083
2589;1777569
2590;567279
2591;1477036
2592;3865726
2593;1599496
2594;598447
2595;974988
2596;1676561
2597;2165868
2598;2939315
2599;924404
2600;2925981
2601;830570
2602;806571
2603;323337
2604;2490907
2605;2536103
2606;1974083
2607;1086004
2608;723284
2609;1012310
2610;877040
2611;1091268
2612;2102209
2613;498194
2614;2142167
2615;1512075
2616;1357205
2617;1985810
2618;1566388
2619;810988
2620;1562041
2621;1678664
2622;1152229
2623;1045555
2624;1565673
2625;2254051
2626;2768179
2627;1334033
2628;610518
2629;469703
2630;2063677
2631;2522429
2632;1509660
2633;1097135
2634;627168
2635;2363473
2636;700876
2637;2046318
2638;1324240
2639;1620379
2640;1085258
2641;1442843
2642;3673672
2643;1450350
2644;698170
2645;767872
2646;1376620
2647;409131
2648;789294
2649;1084945
2650;1924881
2651;944433
2652;1148921
2653;1511724
2654;1688218
2655;1643998
2656;1470886
2657;631229
2658;1672710
2659;1109563
2660;2378930
2661;1577020
2662;1675446
2663;1301518
2664;791144
2665;1201433
2666;1448635
2667;1783829
2668;1086478
2669;1052157
2670;2142942
2671;1408318
2672;1643494
2673;2708912
2674;554395
2675;1729503
2676;2628321
2677;814787
2678;639876
2679;1741103
2680;1221932
2681;2429458
2682;1621276
2683;2437119
2684;926500
2685;1729814
2686;547264
2687;1566965
2688;752212
2689;641605
2690;2125559
2691;1616345
2692;278401
2693;844524
2694;1613426
2695;1660803
2696;1084852
2697;1531345
2698;1006718
2699;1067682
2700;2205025
2701;1057127
2702;272128
2703;1265096
2704;984993
2705;1288726
2706;2330065
2707;1278932
2708;1292298
2709;1272115
2710;657388
2711;1189261
2712;993601
2713;3510098
2714;1093052
2715;1166539
2716;816301
2717;458610
2718;922216
2719;669453
2720;612179
2721;2128893
2722;531208
2723;2115573
2724;1258797
2725;2176342
2726;689989
2727;1198351
2728;1742212
2729;2916080
2730;2291561
2731;485420
2732;1331149
2733;2020164
2734;475471
2735;939516
2736;724819
2737;966763
2738;2044162
2739;1138285
2740;739465
2741;2113840
2742;1260470
2743;3136166
2744;1653003
2745;780351
2746;1142646
2747;1800863
2748;1649212
2749;586441
2750;815035
2751;636672
2752;963649
2753;694462
2754;278752
2755;1575758
2756;926589
2757;1845022
2758;2820587
2759;779388
2760;710375
2761;2012152
2762;1617234
2763;792377
2764;403259
2765;2041363
2766;1081416
2767;763736
2768;1500890
2769;2170253
2770;517745
2771;1972103
2772;495614
2773;1149750
2774;1126656
2775;2643684
2776;1731867
2777;307792
2778;986508
2779;961072
2780;380239
2781;1381522
2782;1536929
2783;989162
2784;1216026
2785;1235122
2786;1850987
2787;170135
2788;768982
2789;399021
2790;115064
2791;955933
2792;980664
2793;693859
2794;1385664
2795;1106479
2796;1062001
2797;953640
2798;1668851
2799;1668323
2800;1374300
2801;938473
2802;1166273
2803;3183304
2804;2033312
2805;1766609
2806;838318
2807;1488641
2808;1192912
2809;847508
2810;1655619
2811;1022504
2812;762309
2813;2262643
2814;426820
2815;1762913
2816;1396066
2817;1344370
2818;2112070
2819;794291
2820;3408210
2821;1165822
2822;592502
2823;2901197
2824;774668
2825;867880
2826;1827453
2827;899707
2828;296322
2829;874523
2830;622804
2831;791756
2832;1137011
2833;566950
2834;648822
2835;1458767
2836;2429134
2837;1107978
2838;755337
2839;1320745
2840;1477516
2841;2210630
2842;1263823
2843;1422937
2844;1632136
2845;1693790
2846;2267213
2847;2318634
2848;403187
2849;914682
2850;2098828
2851;755301
2852;635897
2853;1089040
2854;863438
2855;317068
2856;625186
2857;659025
2858;1719658
2859;1828493
2860;194997
2861;713143
2862;1357871
2863;1241867
2864;2167242
2865;2017520
2866;1288644
2867;1977675
2868;678791
2869;1969034
2870;1575263
2871;1411524
2872;1440208
2873;1325029
2874;1269234
2875;698186
2876;768720
2877;1480509
2878;1617433
2879;1858243
2880;575072
2881;376840
2882;1876473
2883;1196110
2884;873061
2885;1495707
2886;920665
2887;2016279
2888;773908
2889;1337832
2890;1234078
2891;922318
2892;834856
2893;1135849
2894;2281367
2895;1412388
2896;124175
2897;995723
2898;971996
2899;425329
2900;3316467
2901;2168989
2902;2287548
2903;1939868
2904;342729
2905;815680
2906;1616777
2907;1115264
2908;1396789
2909;515166
2910;1213032
2911;1570129
2912;1950400
2913;1511689
2914;725183
2915;3470332
2916;2066338
2917;987835
2918;1975612
2919;629330
2920;1246024
2921;1440278
2922;2808775
2923;491855
2924;712659
2925;1402062
2926;1433644
2927;305915
2928;2795451
2929;1626476
2930;1001053
2931;1785838
2932;1375038
2933;269083
2934;1429582
2935;1671436
2936;308477
2937;2696948
2938;1026843
2939;2770559
2940;987630
2941;388300
2942;1962983
2943;974300
2944;915809
2945;543264
2946;687986
2947;1087130
2948;862940
2949;2223141
2950;1350352
2951;180949
2952;926632
2953;3167449
2954;1409770
2955;2218950
2956;1405245
2957;1102282
2958;975107
2959;1398630
2960;767337
2961;2118048
2962;1047819
2963;604192
2964;604352
2965;1532021
2966;1759781
2967;766675
2968;789213
2969;753007
2970;576226
2971;849541
2972;1065962
2973;1670681
2974;2829270
2975;1409386
2976;2229942
2977;1013720
2978;1855033
2979;662153
2980;1060345
2981;1689004
2982;819379
2983;1279424
2984;1688213
2985;250740
2986;1635280
2987;1065900
2988;827053
2989;939145
2990;291784
2991;1578141
2992;1143630
2993;1648880
2994;1010507
2995;802750
2996;1544134
2997;1500905
2998;1444492
2999;2011790
3000;3132636
3001;2344434
3002;1090898
3003;1442943
3004;996079
3005;1323387
3006;2368815
3007;1742157
3008;765334
3009;1800758
3010;1345135
3011;877422
3012;966274
3013;846032
3014;1117753
3015;2103229
3016;3065116
3017;981579
3018;825480
3019;563010
3020;961267
3021;2096315
3022;1255340
3023;2010712
3024;2287050
3025;1379497
3026;884987
3027;1609400
3028;1620285
3029;2064493
3030;2982297
3031;1344420
3032;2322233
3033;964510
3034;599333
3035;301337
3036;756276
3037;598239
3038;1125333
3039;579220
3040;881801
3041;704764
3042;652410
3043;1194015
3044;1296980
3045;1209059
3046;918457
3047;860859
3048;754511
3049;820690
3050;991550
3051;1150231
3052;1267379
3053;1172451
3054;788455
3055;365981
3056;1797993
3057;198826
3058;1535641
3059;2782400
3060;1023637
3061;1724948
3062;373142
3063;1000829
3064;811418
3065;1508872
3066;1494992
3067;2007518
3068;1342779
3069;1544292
3070;249965
3071;753569
3072;6040
3073;1034861
3074;1093807
3075;1455074
3076;646283
3077;916210
3078;2429329
3079;1729998
3080;2236462
3081;1505276
3082;849729
3083;2008640
3084;1562827
3085;3586223
3086;484641
3087;1945589
3088;1128585
3089;510162
3090;592619
3091;1124615
3092;1261591
3093;851694
3094;1821450
3095;275706
3096;997673
3097;737562
3098;1420882
3099;1676550
3100;1316397
3101;989996
3102;1107295
3103;625267
3104;292681
3105;320490
3106;2350208
3107;1707356
3108;2148366
3109;607390
3110;985532
3111;2233692
3112;1394180
3113;2907149
3114;743608
3115;1223753
3116;2799526
3117;723923
3118;201050
3119;1394980
3120;522896
3121;1110983
3122;1074671
3123;2139298
3124;1193288
3125;604243
3126;1531175
3127;1464270
3128;1024304
3129;794411
3130;1620926
3131;215956
3132;2406062
3133;2511671
3134;167942
3135;1881008
3136;1292740
3137;2794871
3138;575575
3139;1602188
3140;1324429
3141;1043520
3142;670646
3143;1703828
3144;1094549
3145;810275
3146;1724272
3147;1665494
3148;1244798
3149;1058569
3150;1820308
3151;1372486
3152;339141
3153;2619616
3154;2185950
3155;1537674
3156;2317156
3157;1162329
3158;1757900
3159;1767553
3160;2030187
3161;1044015
3162;1760682
3163;514727
3164;1341145
3165;771788
3166;959457
3167;1207581
3168;407653
3169;2646405
3170;1450283
3171;1650237
3172;989680
3173;293042
3174;1039748
3175;485540
3176;1680659
3177;1075249
3178;788044
3179;1140164
3180;2329992
3181;2123596
3182;2330455
3183;2636361
3184;305587
3185;680452
3186;1982222
3187;2105436
3188;643286
3189;2343892
3190;1694362
3191;1525506
3192;1439041
3193;1795361
3194;1256321
3195;1338398
3196;956829
3197;888408
3198;1093926
3199;1377503
3200;1441721
3201;2180268
3202;574823
3203;1528687
3204;969976
3205;432047
3206;1335874
3207;1303818
3208;1880862
3209;422091
3210;1209303
3211;1231145
3212;2436844
3213;3105675
3214;2137262
3215;1437412
3216;793790
3217;1485901
3218;2599338
3219;1771969
3220;331946
3221;1685985
3222;728615
3223;1862539
3224;1276700
3225;1041980
3226;1484766
3227;2341366
3228;715836
3229;2071085
3230;765106
3231;1399579
3232;966778
3233;978532
3234;868840
3235;1127647
3236;1689137
3237;461081
3238;1454696
3239;2070392
3240;584681
3241;1974827
3242;1918775
3243;1880826
3244;983394
3245;922422
3246;744862
3247;1244918
3248;285213
3249;1013110
3250;54471
3251;2618562
3252;2419467
3253;1062964
3254;595124
3255;2234258
3256;1711396
3257;1440792
3258;748168
3259;3240160
3260;2114952
3261;1287549
3262;2866622
3263;997950
3264;820340
3265;628219
3266;2262324
3267;1693230
3268;1427945
3269;2140223
3270;2027000
3271;651696
3272;612420
3273;1465295
3274;2886025
3275;997010
3276;2499561
3277;1280654
3278;1225280
3279;1020527
3280;1712054
3281;1634031
3282;1026676
3283;1821738
3284;880627
3285;512729
3286;447350
3287;528731
3288;1490948
3289;2137460
3290;323824
3291;915350
3292;2819173
3293;694833
3294;1295268
3295;1021661
3296;1351463
3297;1514070
3298;1158750
3299;1261946
3300;1469807
3301;1150888
3302;1092636
3303;601168
3304;1278304
3305;3178382
3306;2375876
3307;583498
3308;1044221
3309;582722
3310;444225
3311;582858
3312;2065101
3313;1780481
3314;2531212
3315;616493
3316;614679
3317;1207656
3318;1477467
3319;960366
3320;606962
3321;1055639
3322;836491
3323;203147
3324;1091277
3325;784309
3326;920968
3327;1920691
3328;168961
3329;621678
3330;1791607
3331;729246
3332;818830
3333;1140860
3334;1735381
3335;501462
3336;589249
3337;556293
3338;965962
3339;1328541
3340;550667
3341;2170411
3342;741461
3343;347734
3344;1740643
3345;557240
3346;2349937
3347;1837819
3348;2633856
3349;1055821
3350;445732
3351;992168
3352;806560
3353;736014
3354;975846
3355;5900
3356;414709
3357;1083870
3358;1446737
3359;1381510
3360;1014757
3361;849303
3362;2872883
3363;1514726
3364;1618175
3365;815384
3366;1966343
3367;2483788
3368;590314
3369;814522
3370;895249
3371;2217115
3372;1420432
3373;1810532
3374;1262503
3375;920289
3376;1612886
3377;1404698
3378;749481
3379;1098734
3380;1447769
3381;1615226
3382;1308518
3383;2479106
3384;773788
3385;576693
3386;680489
3387;968693
3388;1074356
3389;1050069
3390;703667
3391;371859
3392;2540554
3393;1333524
3394;2610857
3395;2061166
3396;2424091
3397;1475579
3398;315796
3399;939469
3400;1153575
3401;1572432
3402;659396
3403;652556
3404;366143
3405;1548998
3406;1209580
3407;202508
3408;1277969
3409;487813
3410;1158259
3411;1580818
3412;705946
3413;929433
3414;2104187
3415;2002237
3416;579933
3417;1251123
3418;511245
3419;1172476
3420;1606200
3421;884149
3422;1451939
3423;1377280
3424;402772
3425;963005
3426;742792
3427;902036
3428;382783
3429;1279158
3430;1722293
3431;1492444
3432;638272
3433;2895225
3434;1227044
3435;787056
3436;1619525
3437;444655
3438;1184470
3439;1046484
3440;1526379
3441;1900944
3442;397671
3443;910294
3444;1115164
3445;1867548
3446;2611353
3447;855458
3448;132341
3449;1571456
3450;1595984
3451;2391062
3452;1227834
3453;1708171
3454;1001648
3455;3007366
3456;1642457
3457;3115648
3458;352771
3459;1652620
3460;482502
3461;1477875
3462;2048335
3463;1013137
3464;589669
3465;1046818
3466;810955
3467;1727067
3468;1447439
3469;2809273
3470;2243988
3471;2350501
3472;847291
3473;987598
3474;716926
3475;1712087
3476;702029
3477;1903737
3478;907658
3479;1056027
3480;964530
3481;2367325
3482;1261700
3483;1443027
3484;1560879
3485;1471443
3486;1163447
3487;1041902
3488;1203460
3489;1235924
3490;837255
3491;94325
3492;1615333
3493;987503
3494;286741
3495;1164500
3496;491070
3497;802469
3498;1882580
3499;1375423
3500;1677518
3501;1430790
3502;941621
3503;1244261
3504;2140726
3505;865569
3506;1587454
3507;1972424
3508;1048254
3509;1385147
3510;1191626
3511;1211793
3512;1471712
3513;608431
3514;1017361
3515;2005538
3516;1620782
3517;340940
3518;368308
3519;1814752
3520;2574760
3521;892959
3522;1077416
3523;1566504
3524;1984068
3525;1198917
3526;1781069
3527;2082206
3528;1783431
3529;2873666
3530;1759770
3531;1338529
3532;1467551
3533;440606
3534;1683222
3535;1788733
3536;1283727
3537;933348
3538;800308
3539;1194393
3540;949500
3541;922244
3542;621470
3543;1265769
3544;981943
3545;2377902
3546;613222
3547;3272682
3548;1223891
3549;1457247
3550;2082175
3551;1745777
3552;492932
3553;1084625
3554;2144370
3555;992995
3556;773381
3557;1411390
3558;2394392
3559;721672
3560;570049
3561;1945306
3562;1630407
3563;1447111
3564;1834131
3565;1031643
3566;2691177
3567;1748385
3568;713602
3569;1273823
3570;1247188
3571;843067
3572;1976263
3573;993709
3574;1401568
3575;570427
3576;1434771
3577;2042709
3578;1105344
3579;1514816
3580;1196546
3581;486183
3582;2671506
3583;4020730
3584;513309
3585;1500071
3586;326814
3587;448087
3588;987200
3589;1221467
3590;518334
3591;1995577
3592;1209059
3593;2532148
3594;990883
3595;614750
3596;1034691
3597;1434730
3598;1783053
3599;3302207
3600;1091629
3601;1941646
3602;1629592
3603;1708513
3604;530072
3605;839075
3606;1717301
3607;1363740
3608;980157
3609;1161676
3610;587124
3611;2618880
3612;1410915
3613;2031388
3614;679019
3615;1964975
3616;1225846
3617;1476375
3618;926125
3619;539913
3620;670155
3621;2262523
3622;995896
3623;385820
3624;1201597
3625;2232673
3626;810525
3627;1421800
3628;597236
3629;984138
3630;1972153
3631;1645310
3632;825247
3633;2149543
3634;1071878
3635;951585
3636;462600
3637;1122362
3638;1647992
3639;2227668
3640;417043
3641;723827
3642;1694175
3643;1474206
3644;723482
3645;1487384
3646;1074341
3647;947927
3648;2481660
3649;1867229
3650;759265
3651;920933
3652;1862300
3653;1144657
3654;693512
3655;748320
3656;767051
3657;1240850
3658;1147973
3659;1443880
3660;2632150
3661;735203
3662;2584918
3663;3515571
3664;2352550
3665;868905
3666;1351593
3667;472389
3668;1727896
3669;1361286
3670;2112264
3671;2214154
3672;1827325
3673;1056598
3674;1807186
3675;1099057
3676;940591
3677;1297488
3678;1607558
3679;960031
3680;1915023
3681;900190
3682;433081
3683;1948144
3684;1123985
3685;1219020
3686;1402313
3687;949312
3688;1753500
3689;836196
3690;2329121
3691;1475484
3692;3366659
3693;2278125
3694;3562385
3695;537238
3696;1167490
3697;1897992
3698;314880
3699;1140008
3700;1014573
3701;1577108
3702;874910
3703;2030527
3704;90471
3705;924769
3706;887207
3707;1928662
3708;1574133
3709;602539
3710;2164235
3711;945758
3712;817671
3713;791840
3714;636985
3715;1536836
3716;422811
3717;896250
3718;446548
3719;1237530
3720;1536142
3721;1144365
3722;2342381
3723;1262328
3724;799010
3725;3650253
3726;1337108
3727;265509
3728;1221936
3729;1393448
3730;2784770
3731;805816
3732;61689
3733;1783372
3734;1471959
3735;1750466
3736;2699057
3737;1107435
3738;1553394
3739;1514321
3740;923550
3741;1678394
3742;489627
3743;1031909
3744;1062355
3745;402552
3746;885715
3747;2037520
3748;1033203
3749;1500449
3750;1918788
3751;1695955
3752;1258867
3753;1509363
3754;923312
3755;19671
3756;1075842
3757;2902820
3758;1457816
3759;924395
3760;1011948
3761;294020
3762;1880229
3763;1837291
3764;1926129
3765;1342400
3766;1390837
3767;1750729
3768;112282
3769;165634
3770;810023
3771;2650043
3772;1115062
3773;1220077
3774;666915
3775;1222419
3776;1617308
3777;503050
3778;460336
3779;2081500
3780;172201
3781;2535034
3782;1478003
3783;2199550
3784;1039543
3785;714627
3786;1682446
3787;329954
3788;1290406
3789;1404797
3790;878558
3791;756153
3792;1047041
3793;1776027
3794;787557
3795;673275
3796;1087909
3797;1170281
3798;781657
3799;1091165
3800;1302884
3801;361723
3802;1786173
3803;1304450
3804;2408423
3805;1277840
3806;424327
3807;2409389
3808;2359900
3809;317907
3810;386801
3811;2815856
3812;880508
3813;993957
3814;2324328
3815;857126
3816;1605842
3817;187786
3818;795243
3819;880353
3820;1710765
3821;1530061
3822;2140879
3823;1454291
3824;1392572
3825;772068
3826;938494
3827;263630
3828;2238067
3829;2819734
3830;2047060
3831;869396
3832;1479468
3833;2635180
3834;2025052
3835;826214
3836;1756936
3837;1590364
3838;573816
3839;1680079
3840;150875
3841;1548916
3842;1206898
3843;1844701
3844;867570
3845;2063549
3846;2072429
3847;1911065
3848;1157530
3849;833758
3850;648352
3851;2856598
3852;1169956
3853;1220133
3854;1381265
3855;495449
3856;876833
3857;1373869
3858;2181434
3859;572951
3860;4092818
3861;1296057
3862;1366605
3863;1029530
3864;984366
3865;1008001
3866;1105527
3867;1601852
3868;1742547
3869;468840
3870;2026084
3871;944253
3872;721133
3873;976682
3874;943551
3875;1281248
3876;1048290
3877;362121
3878;953350
3879;2483209
3880;687327
3881;997032
3882;1191947
3883;1869903
3884;1285352
3885;2341650
3886;857115
3887;1307636
3888;1166555
3889;1496537
3890;712551
3891;1723698
3892;1370502
3893;1254846
3894;1554685
3895;590441
3896;2203042
3897;1435764
3898;684393
3899;2759242
3900;1529058
3901;836592
3902;2077447
3903;1334796
3904;414496
3905;1417766
3906;722027
3907;1475783
3908;2895240
3909;376659
3910;1476265
3911;1296819
3912;1280245
3913;1149482
3914;465195
3915;1183574
3916;1897219
3917;2615375
3918;414161
3919;1020873
3920;1700865
3921;1292619
3922;601194
3923;1169644
3924;2774901
3925;447667
3926;677833
3927;1982093
3928;2718540
3929;3354177
3930;1599948
3931;1190831
3932;1004741
3933;967796
3934;546779
3935;2024095
3936;584520
3937;521758
3938;1144320
3939;1123263
3940;1092741
3941;1935861
3942;993492
3943;1186273
3944;1439336
3945;888678
3946;982144
3947;911477
3948;1745515
3949;749375
3950;1818162
3951;693122
3952;1319698
3953;842750
3954;1423486
3955;343273
3956;2047960
3957;2674828
3958;1518354
3959;453802
3960;1532515
3961;795738
3962;1940130
3963;2443786
3964;321833
3965;248164
3966;3292006
3967;1146082
3968;563001
3969;1828361
3970;1842573
3971;1990429
3972;571660
3973;987563
3974;547578
3975;1253325
3976;985957
3977;1117396
3978;1466849
3979;1695077
3980;931739
3981;362580
3982;1378737
3983;330957
3984;578681
3985;974638
3986;1037715
3987;981015
3988;472678
3989;563222
3990;857990
3991;1774333
3992;1478175
3993;1096218
3994;1177550
3995;833404
3996;1652556
3997;2138128
3998;1129992
3999;742717
4000;387856
4001;2520440
4002;766961
4003;1189134
4004;1802386
4005;689373
4006;1108752
4007;519134
4008;2853314
4009;1861935
4010;1754920
4011;1267758
4012;1160001
4013;1946385
4014;1063120
4015;2898850
4016;810591
4017;992108
4018;1185210
4019;1367324
4020;584990
4021;843214
4022;505341
4023;1251804
4024;1050071
4025;875242
4026;2395461
4027;1629293
4028;1680617
4029;2839930
4030;884885
4031;1103754
4032;1647275
4033;1310423
4034;434082
4035;2199069
4036;1695510
4037;2199464
4038;733940
4039;694942
4040;1314950
4041;1558874
4042;1930860
4043;6127
4044;1562474
4045;1143084
4046;2005029
4047;1046229
4048;506091
4049;1574700
4050;608252
4051;724200
4052;379269
4053;664532
4054;1408601
4055;636972
4056;1379364
4057;1514803
4058;394708
4059;1071851
4060;1551438
4061;2428912
4062;780200
4063;918821
4064;1279602
4065;783705
4066;2704882
4067;268682
4068;3280258
4069;1145300
4070;1465152
4071;1528508
4072;1081510
4073;1091417
4074;2260651
4075;658278
4076;3484005
4077;942610
4078;1331386
4079;882727
4080;578474
4081;1874483
4082;1776317
4083;450301
4084;529364
4085;2222333
4086;2609323
4087;928276
4088;957489
4089;443814
4090;580884
4091;3064038
4092;899321
4093;1298465
4094;1097444
4095;1036217
4096;1225781
4097;1855482
4098;1679132
4099;1552096
4100;543033
4101;2253396
4102;247333
4103;1824916
4104;1334765
4105;1470840
4106;612698
4107;1346369
4108;2043801
4109;1155521
4110;1336178
4111;758309
4112;2039463
4113;299646
4114;741862
4115;689420
4116;582468
4117;1060006
4118;2796795
4119;2333656
4120;538710
4121;3333700
4122;856569
4123;1552825
4124;1029780
4125;1138680
4126;1786403
4127;1516689
4128;90472
4129;1896974
4130;241266
4131;1985315
4132;657308
4133;1065598
4134;1499363
4135;1516108
4136;1481849
4137;2465922
4138;219670
4139;1124518
4140;1900729
4141;496762
4142;1790933
4143;741992
4144;2434447
4145;1059386
4146;714880
4147;599492
4148;1040904
4149;964686
4150;2138207
4151;867401
4152;1707298
4153;1224969
4154;1896247
4155;656294
4156;1106069
4157;577436
4158;2102442
4159;1029965
4160;958291
4161;1753983
4162;1411624
4163;1960296
4164;2567378
4165;886469
4166;1635833
4167;1422471
4168;2001245
4169;2121012
4170;1515912
4171;1731208
4172;729869
4173;624733
4174;1385366
4175;1604981
4176;899803
4177;547742
4178;801579
4179;845220
4180;1476133
4181;3063896
4182;1143394
4183;961529
4184;545612
4185;1582255
4186;1426785
4187;407074
4188;1267912
4189;1023733
4190;2229930
4191;2267303
4192;1629970
4193;106307
4194;1112383
4195;2165601
4196;624022
4197;1328172
4198;1064833
4199;1527819
4200;1407768
4201;1032354
4202;930979
4203;1030383
4204;924639
4205;1359729
4206;1026384
4207;917707
4208;670117
4209;943215
4210;1449448
4211;752036
4212;1056715
4213;1547083
4214;2627274
4215;1361120
4216;936980
4217;948988
4218;1679961
4219;926488
4220;2074334
4221;2227486
4222;1070168
4223;1390647
4224;1596254
4225;710279
4226;612377
4227;340728
4228;1536691
4229;1145354
4230;831157
4231;308300
4232;982796
4233;2133356
4234;1935606
4235;1309023
4236;336171
4237;913175
4238;857339
4239;1174601
4240;1064109
4241;1013444
4242;2373811
4243;253390
4244;1750652
4245;708945
4246;1116482
4247;1534164
4248;1083432
4249;1486784
4250;716840
4251;1129753
4252;1101022
4253;1405448
4254;1134003
4255;309755
4256;435764
4257;1841129
4258;935880
4259;1489344
4260;879846
4261;1526429
4262;1362300
4263;717443
4264;426096
4265;3731306
4266;1567508
4267;1476919
4268;1872246
4269;1049429
4270;496438
4271;944429
4272;1858979
4273;1031844
4274;647794
4275;2704976
4276;750552
4277;1562662
4278;1605397
4279;1388651
4280;1318278
4281;760962
4282;833243
4283;2107480
4284;2393353
4285;1022072
4286;790501
4287;1675408
4288;1497478
4289;2861725
4290;2593755
4291;2551503
4292;1005841
4293;310630
4294;2975094
4295;1292618
4296;1413437
4297;1953850
4298;1776273
4299;2999830
4300;1339048
4301;302167
4302;1158048
4303;784725
4304;873798
4305;2404070
4306;373031
4307;1848931
4308;1995721
4309;1140800
4310;1096974
4311;1851700
4312;1447090
4313;937759
4314;1396200
4315;1250889
4316;890657
4317;2499180
4318;1123431
4319;461068
4320;1592698
4321;1202210
4322;1126487
4323;2182001
4324;1256267
4325;569887
4326;2695220
4327;2772547
4328;1120301
4329;1694645
4330;1746276
4331;1438356
4332;369284
4333;2125056
4334;1337968
4335;1468649
4336;534223
4337;3703563
4338;1783188
4339;1028257
4340;1987868
4341;856592
4342;1499904
4343;473760
4344;1040703
4345;807134
4346;1072329
4347;2022619
4348;2382012
4349;2321720
4350;1562554
4351;1309848
4352;1394895
4353;721289
4354;1140622
4355;2148853
4356;844020
4357;1629684
4358;684985
4359;1847089
4360;2032438
4361;1511735
4362;1065766
4363;402033
4364;1197414
4365;1576101
4366;1212242
4367;1035346
4368;750980
4369;893048
4370;2362258
4371;792003
4372;947564
4373;652670
4374;1822401
4375;1764663
4376;1271443
4377;1044432
4378;2748183
4379;1141956
4380;1792259
4381;1379432
4382;1558756
4383;914344
4384;493503
4385;630962
4386;681965
4387;432377
4388;1086881
4389;3012852
4390;1269942
4391;1574093
4392;653364
4393;780663
4394;1407616
4395;1157817
4396;1214192
4397;476131
4398;881936
4399;2291939
4400;314667
4401;1076267
4402;1150438
4403;921706
4404;524903
4405;1125890
4406;1272425
4407;2596907
4408;1178596
4409;894186
4410;668075
4411;2180244
4412;1933453
4413;710803
4414;1496950
4415;602610
4416;1321122
4417;168607
4418;650308
4419;1460464
4420;1307564
4421;1451330
4422;1646978
4423;1250728
4424;1922022
4425;1112536
4426;1871242
4427;714826
4428;2036350
4429;926092
4430;1163480
4431;2463206
4432;1423654
4433;586582
4434;628939
4435;646096
4436;884721
4437;509921
4438;868875
4439;1614693
4440;1577746
4441;722026
4442;1176614
4443;589169
4444;273990
4445;1357418
4446;1620632
4447;1181838
4448;834390
4449;1965436
4450;758601
4451;753869
4452;928075
4453;570226
4454;1865598
4455;1523903
4456;1043434
4457;812562
4458;1049338
4459;1190303
4460;500553
4461;1252301
4462;853831
4463;2335140
4464;1163169
4465;554884
4466;635071
4467;1543936
4468;304604
4469;481589
4470;674185
4471;870428
4472;1459036
4473;1346813
4474;1632341
4475;1174290
4476;2253343
4477;1139451
4478;623510
4479;1767741
4480;1126544
4481;919692
4482;1889822
4483;202727
4484;422165
4485;953282
4486;1343274
4487;698472
4488;2985240
4489;1176149
4490;2960853
4491;1284803
4492;356181
4493;801801
4494;1213189
4495;3353136
4496;563857
4497;2320780
4498;1683152
4499;1274890
4500;1928045
4501;830937
4502;968708
4503;2353043
4504;661417
4505;1953219
4506;1020396
4507;532905
4508;2764068
4509;865290
4510;2122765
4511;342269
4512;2558862
4513;1605662
4514;1903967
4515;1873921
4516;1627673
4517;1015467
4518;1316598
4519;2965344
4520;1982527
4521;606432
4522;726814
4523;1204180
4524;1069330
4525;760646
4526;1209032
4527;524268
4528;1900957
4529;2115614
4530;1913321
4531;1499330
4532;3016859
4533;843700
4534;979168
4535;1134228
4536;3424008
4537;601674
4538;517503
4539;2513538
4540;1581706
4541;2021501
4542;2167827
4543;1822423
4544;1473763
4545;138032
4546;1046446
4547;1516046
4548;2642108
4549;2439061
4550;355642
4551;507556
4552;1448072
4553;520438
4554;1641087
4555;669696
4556;802055
4557;794940
4558;1305710
4559;2061504
4560;1278111
4561;1822903
4562;555452
4563;2205980
4564;893841
4565;1039625
4566;1647439
4567;895518
4568;2375130
4569;1587419
4570;1150311
4571;1552435
4572;878391
4573;1548610
4574;2310364
4575;854300
4576;781772
4577;615640
4578;1399062
4579;2492642
4580;2324648
4581;1486091
4582;674525
4583;2539551
4584;2425404
4585;961528
4586;1930394
4587;1292387
4588;2029898
4589;1332188
4590;1254610
4591;1803797
4592;958208
4593;221670
4594;1099076
4595;273834
4596;1158914
4597;762733
4598;401283
4599;1297692
4600;1177683
4601;1188232
4602;1693665
4603;1120388
4604;656656
4605;361132
4606;1026215
4607;2167787
4608;501734
4609;345480
4610;549907
4611;1723492
4612;1627877
4613;1139109
4614;1705372
4615;2861695
4616;1545879
4617;1207318
4618;2580714
4619;818879
4620;2965263
4621;2300071
4622;1058877
4623;1335866
4624;104908
4625;1895040
4626;537642
4627;1273235
4628;1331112
4629;848421
4630;2445490
4631;1915576
4632;2669016
4633;3210682
4634;2725646
4635;1368041
4636;2685556
4637;225047
4638;3540246
4639;1211692
4640;1330880
4641;2114541
4642;311796
4643;1556630
4644;481527
4645;1245440
4646;346444
4647;995301
4648;966890
4649;972893
4650;987345
4651;707770
4652;926290
4653;1090465
4654;63915
4655;1535377
4656;1550924
4657;1054416
4658;643145
4659;2110196
4660;3540502
4661;1923832
4662;3776458
4663;366787
4664;1911909
4665;1840093
4666;2039228
4667;1081350
4668;955348
4669;1643946
4670;2217741
4671;994154
4672;1759052
4673;2246358
4674;1987715
4675;1633822
4676;462838
4677;1057285
4678;478655
4679;1040228
4680;1642093
4681;822433
4682;1529764
4683;652152
4684;1015777
4685;2082419
4686;1409807
4687;2096730
4688;936432
4689;1915142
4690;1701175
4691;3115261
4692;1408930
4693;1258276
4694;2783479
4695;1345004
4696;764208
4697;1476075
4698;915195
4699;1418063
4700;1397000
4701;1098734
4702;2588838
4703;384105
4704;1363550
4705;2787804
4706;1915542
4707;1096370
4708;1295388
4709;1333649
4710;646917
4711;942132
4712;279500
4713;1667420
4714;708376
4715;851752
4716;1573948
4717;891868
4718;1889222
4719;1321530
4720;1782749
4721;2002470
4722;1240338
4723;1024386
4724;1750069
4725;1518143
4726;1379676
4727;1683757
4728;728885
4729;1616156
4730;1518764
4731;576631
4732;1518389
4733;698876
4734;2222786
4735;627115
4736;984391
4737;2216885
4738;357200
4739;1117335
4740;241490
4741;1965426
4742;610147
4743;2497484
4744;411493
4745;657667
4746;828008
4747;693856
4748;1260697
4749;772478
4750;1490346
4751;1424431
4752;32332
4753;2072626
4754;1399481
4755;1535071
4756;1096377
4757;810120
4758;1470670
4759;1374822
4760;793239
4761;1577384
4762;1486124
4763;2123181
4764;932638
4765;1561747
4766;501657
4767;1560389
4768;1936572
4769;2077396
4770;1231249
4771;1727580
4772;1064875
4773;1223951
4774;1970454
4775;1633488
4776;808203
4777;954878
4778;932688
4779;796621
4780;1250968
4781;1595548
4782;1931942
4783;434557
4784;1692077
4785;875033
4786;74503
4787;675121
4788;1185680
4789;1966993
4790;1523650
4791;1596710
4792;164568
4793;1256917
4794;590377
4795;463658
4796;873353
4797;1717807
4798;1308103
4799;549804
4800;918477
4801;2273886
4802;2993592
4803;1785446
4804;578506
4805;1153501
4806;405479
4807;1601634
4808;1581780
4809;1138430
4810;238007
4811;1705923
4812;1024655
4813;1361814
4814;1480717
4815;1942337
4816;1093452
4817;793127
4818;1032564
4819;127996
4820;2064447
4821;909212
4822;1570281
4823;1008043
4824;1777439
4825;745295
4826;2058835
4827;1854274
4828;160355
4829;1236042
4830;2690183
4831;509911
4832;1381152
4833;2048138
4834;2498729
4835;483326
4836;935626
4837;1527645
4838;1614014
4839;292020
4840;2116178
4841;1273980
4842;1733466
4843;1010724
4844;1685210
4845;427611
4846;1070721
4847;815168
4848;2211624
4849;1435762
4850;1398287
4851;2596937
4852;913531
4853;3817037
4854;1132055
4855;572923
4856;1484857
4857;502634
4858;2671856
4859;2499791
4860;433504
4861;338425
4862;995176
4863;1897654
4864;981637
4865;1396006
4866;1132566
4867;666530
4868;1903488
4869;1248757
4870;1483270
4871;2201841
4872;743665
4873;824492
4874;1216720
4875;2536209
4876;2426765
4877;837679
4878;692345
4879;840768
4880;1148740
4881;1303624
4882;2215205
4883;2547135
4884;1827758
4885;2073246
4886;2855626
4887;1009604
4888;1368695
4889;508716
4890;1480684
4891;1325809
4892;1379602
4893;592171
4894;282858
4895;76001
4896;758997
4897;561217
4898;2212585
4899;1893660
4900;806783
4901;1582477
4902;1597611
4903;2757884
4904;1529122
4905;1668674
4906;898367
4907;468140
4908;1229325
4909;554383
4910;768197
4911;985335
4912;1238037
4913;730884
4914;895973
4915;803235
4916;994891
4917;1696892
4918;1829208
4919;512130
4920;812654
4921;514562
4922;646198
4923;2730898
4924;1911564
4925;1359556
4926;1422570
4927;466905
4928;269058
4929;1568252
4930;1698565
4931;2829833
4932;61920
4933;2943742
4934;1433754
4935;343110
4936;885332
4937;1293321
4938;2695142
4939;2461100
4940;613079
4941;2005037
4942;2631256
4943;871175
4944;688611
4945;1057482
4946;2498779
4947;814753
4948;1414826
4949;410992
4950;712225
4951;942937
4952;1544520
4953;1048537
4954;827325
4955;1758839
4956;447815
4957;579031
4958;2312971
4959;1574108
4960;1204076
4961;792165
4962;1136433
4963;1915625
4964;601022
4965;1517597
4966;2039104
4967;575192
4968;625996
4969;743384
4970;1179446
4971;1336142
4972;1149754
4973;1693272
4974;1761441
4975;774836
4976;1722495
4977;2001473
4978;587532
4979;1441771
4980;996238
4981;929026
4982;1574194
4983;1406970
4984;638595
4985;567998
4986;961762
4987;1734998
4988;1232559
4989;1712433
4990;631277
4991;2499028
4992;443608
4993;664014
4994;1963231
4995;604151
4996;424071
4997;1061754
4998;1372521
4999;983184
