0;11996316
1;17137432
2;28500850
3;13364808
4;10132817
5;11018370
6;14390700
7;29134033
8;5041018
9;2097263
10;30958761
11;17653294
12;11468750
13;20126162
14;8214265
15;30948070
16;19697540
17;9166034
18;26458265
19;11440036
20;13971376
21;13599946
22;17094991
23;21473881
24;22028092
25;17692473
26;7158650
27;17625778
28;20044072
29;23364931
30;23543070
31;7804895
32;23376277
33;16420529
34;704405
35;14009808
36;21618282
37;16394356
38;13117720
39;19410996
40;15365188
41;26871923
42;13717427
43;18642730
44;27497654
45;13514583
46;21838665
47;9303654
48;21427653
49;12954240
50;10882600
51;9250442
52;12487834
53;15358044
54;27334311
55;16766322
56;11604175
57;6496250
58;8433195
59;12241727
60;19713761
61;18324252
62;23369711
63;25017950
64;10561783
65;4769628
66;17393052
67;8387819
68;17150727
69;38232667
70;8017351
71;12255832
72;9676029
73;15520445
74;20448841
75;15935644
76;16548675
77;41132712
78;29981302
79;13090716
80;8615866
81;15585615
82;13678177
83;8363023
84;29032661
85;12210180
86;24753211
87;5527291
88;32405797
89;36458771
90;25101582
91;27438089
92;12450538
93;17922734
94;20352304
95;15080330
96;7885633
97;27856656
98;17440502
99;22744035
100;23301802
101;20833444
102;17243893
103;15975648
104;16833363
105;22084566
106;30232326
107;17515892
108;16854362
109;21917691
110;26397051
111;8762588
112;23376500
113;13857394
114;15179786
115;15075879
116;16043323
117;9154127
118;4650738
119;10968435
120;5687329
121;18372584
122;16019567
123;27408209
124;10111527
125;12640078
126;9175535
127;9096462
128;25035331
129;39945597
130;10432531
131;13061540
132;20321252
133;31341432
134;17715116
135;11816356
136;6958862
137;12640588
138;11928264
139;27166211
140;5920789
141;11568106
142;9227768
143;28032851
144;11690988
145;17677408
146;12643195
147;18704647
148;7774967
149;8408245
150;12521180
151;17671304
152;10851555
153;6716358
154;19265043
155;15018050
156;20846500
157;18988222
158;16051327
159;10744341
160;29274506
161;22744020
162;10687572
163;7052994
164;14271900
165;11425902
166;14183765
167;3616543
168;11489395
169;27027782
170;11882766
171;10624612
172;8888265
173;2913474
174;9903337
175;15316788
176;30331552
177;19370645
178;5600030
179;29990847
180;7494073
181;12149029
182;8516046
183;12512151
184;39564951
185;24783298
186;18872093
187;21176989
188;17009373
189;48852208
190;12444436
191;13595941
192;30371352
193;18605162
194;28194078
195;23242914
196;10997680
197;18084416
198;11190758
199;7921688
200;22401077
201;21102768
202;8070002
203;20787371
204;34112004
205;19964378
206;17930792
207;6313474
208;12229719
209;12315622
210;9166012
211;23706803
212;6372302
213;13109346
214;15722612
215;13201876
216;11642848
217;28351190
218;14676497
219;11532915
220;11585134
221;19161157
222;25973836
223;21568663
224;8320536
225;13790689
226;8922603
227;17079942
228;8863923
229;17672888
230;19967141
231;27685702
232;19590103
233;12565656
234;5593102
235;11785619
236;6523660
237;36500836
238;1251053
239;27858205
240;23073363
241;33858461
242;7064073
243;29425226
244;20461106
245;9333566
246;9268460
247;28036624
248;18627647
249;22638453
250;34891870
251;7821553
252;18040498
253;15559727
254;3710721
255;9008542
256;13281184
257;30131764
258;24158740
259;14421041
260;19623829
261;24948524
262;30490452
263;16276158
264;6373500
265;14128397
266;19353608
267;23399827
268;19651290
269;25971808
270;14874079
271;13207400
272;17037307
273;3868909
274;30157427
275;10327364
276;13451340
277;16491597
278;35241994
279;14372766
280;19064777
281;46296570
282;38949556
283;14949184
284;6995634
285;19456094
286;7297375
287;14173635
288;12861074
289;16086187
290;30336571
291;12066826
292;12139660
293;21225587
294;29568789
295;10132800
296;9390661
297;20028392
298;18416130
299;11798334
300;13223975
301;11185602
302;20670392
303;12842643
304;27576531
305;3264245
306;18156453
307;13941419
308;23326336
309;7537974
310;19078826
311;22132370
312;32280210
313;11815979
314;13288013
315;11722011
316;19184839
317;4809437
318;33442875
319;11967386
320;3676739
321;17235643
322;25707263
323;10055755
324;25425501
325;6323474
326;20572708
327;16879069
328;14343877
329;8160738
330;32289060
331;22113631
332;18943565
333;11449159
334;16047141
335;16204074
336;14590878
337;19092793
338;14166692
339;9566215
340;17829879
341;27902253
342;24338820
343;12877903
344;10944536
345;4573528
346;9544027
347;9769703
348;26838137
349;42400600
350;32639241
351;10903272
352;26120950
353;20162751
354;20261255
355;14712792
356;17197397
357;17710931
358;2417780
359;26708288
360;22998500
361;14067761
362;17550808
363;13768016
364;22670880
365;18971349
366;16538968
367;13966810
368;15098921
369;27089508
370;20700830
371;13105426
372;21354162
373;27167578
374;16544019
375;19926067
376;11005133
377;19875982
378;5183008
379;21741547
380;14823323
381;18594441
382;12334925
383;17107975
384;23039721
385;5676728
386;15158995
387;11368118
388;13495212
389;15316890
390;10247680
391;17383833
392;7905550
393;15114893
394;18597852
395;7063589
396;24527608
397;20601264
398;7706714
399;12591779
400;25738603
401;27381720
402;8901216
403;23270569
404;9403396
405;31537220
406;10908083
407;9558923
408;8211947
409;8795313
410;18449954
411;18660011
412;25822909
413;4714431
414;13827465
415;19250002
416;5087993
417;5150111
418;24151668
419;28938513
420;29664122
421;8845278
422;11235175
423;14323825
424;32345302
425;18422108
426;6731487
427;16905431
428;7477587
429;19275007
430;20275788
431;10127030
432;9899098
433;12137722
434;13410126
435;12490951
436;27617166
437;30307426
438;28825797
439;18843795
440;34334128
441;6353375
442;15778807
443;8190089
444;7523944
445;25514807
446;30938539
447;27472498
448;20213094
449;8984315
450;25577391
451;11346721
452;33887892
453;13342850
454;8787236
455;27894781
456;16309250
457;21408706
458;33815940
459;7568571
460;16282332
461;16466994
462;11194651
463;29447976
464;25100014
465;20948636
466;9164765
467;18299944
468;15423692
469;25739912
470;8142728
471;6621031
472;24068432
473;2755330
474;18678983
475;19812600
476;21023154
477;22198275
478;20581150
479;20506500
480;26498094
481;29934788
482;18548705
483;23480674
484;15659803
485;16075534
486;22224191
487;29671411
488;22432937
489;33125063
490;21761284
491;15260394
492;39587384
493;25162663
494;14622228
495;19365620
496;40403522
497;10190410
498;25970646
499;19353315
500;25528365
501;19816691
502;19868802
503;5892540
504;14041484
505;27995922
506;6103478
507;16372033
508;7591602
509;13955985
510;10993115
511;20800536
512;8975813
513;7552169
514;28101465
515;16900541
516;9770045
517;26337110
518;11744800
519;11034133
520;13218628
521;13981078
522;17303880
523;12983848
524;19789320
525;20504068
526;13544432
527;4568562
528;10997928
529;10766167
530;19293304
531;12336348
532;22595084
533;12588682
534;12466755
535;13262100
536;8670010
537;6909008
538;22232757
539;17609828
540;15184602
541;8862356
542;8379372
543;14297375
544;14959912
545;27307254
546;23838050
547;27268672
548;29926893
549;29716311
550;15564780
551;14043820
552;18430661
553;29230282
554;12922836
555;16739900
556;7599767
557;13555804
558;17083495
559;25149410
560;22333177
561;27780498
562;19920277
563;5584126
564;16014974
565;27717480
566;23480730
567;3241056
568;11813508
569;17410319
570;15492300
571;22435370
572;29876045
573;26243185
574;14508757
575;9781337
576;10753003
577;10410142
578;18043676
579;10418662
580;13370476
581;7221878
582;21872298
583;10143963
584;21480948
585;18855382
586;12892053
587;15506346
588;17672308
589;9706818
590;29665100
591;19612900
592;33663294
593;5778352
594;8352785
595;15010256
596;19072784
597;11191267
598;17338224
599;7825504
600;21226435
601;20242162
602;3932717
603;12074472
604;9466170
605;18029805
606;20617876
607;19825295
608;26506284
609;18286194
610;11095345
611;11684073
612;11105346
613;8095028
614;28876076
615;35147405
616;10819589
617;15027282
618;8926267
619;6497630
620;22262904
621;15910619
622;11998459
623;4687745
624;19830443
625;16675876
626;9532014
627;7625175
628;24656551
629;16995341
630;19872844
631;23102567
632;7023094
633;11136366
634;10897934
635;14356438
636;14341062
637;37392894
638;18559620
639;5393427
640;11791691
641;10940317
642;10399177
643;13965744
644;8915466
645;22266651
646;10899095
647;20056350
648;22158410
649;16528228
650;39244197
651;14055511
652;26047961
653;18636276
654;25474661
655;4595533
656;27613093
657;18885827
658;20811710
659;22855712
660;7650610
661;8147994
662;34247651
663;14897164
664;19911217
665;16301679
666;6745782
667;17484067
668;28142913
669;7510252
670;22297562
671;11039738
672;26777006
673;25045366
674;10773791
675;19070848
676;745033
677;7857041
678;30417788
679;20878724
680;14665625
681;11032098
682;28951338
683;11311525
684;9573609
685;14558475
686;29743705
687;9575200
688;10826510
689;15388214
690;12495575
691;10624883
692;11160655
693;14636214
694;9667295
695;13360478
696;24273620
697;21093164
698;19058797
699;16377382
700;8005493
701;29561543
702;22105413
703;10022802
704;17697077
705;4661592
706;23670500
707;31876709
708;11982690
709;13508858
710;16340350
711;14506386
712;20801400
713;11053953
714;17677154
715;19561600
716;31135975
717;13872160
718;27748150
719;22704147
720;17532427
721;11282230
722;13493198
723;28127882
724;4992134
725;17004381
726;13301270
727;21613862
728;14422191
729;22042028
730;31832930
731;16913318
732;12676808
733;22681584
734;17575468
735;27114543
736;32797872
737;38672202
738;14423038
739;19778632
740;18246652
741;22118093
742;13486176
743;10818402
744;16620110
745;23457135
746;11809763
747;20216095
748;17259751
749;20240759
750;32235015
751;22323921
752;25377838
753;23059564
754;12170180
755;17287257
756;26238058
757;9598486
758;22592175
759;15562030
760;38098122
761;35913837
762;24092889
763;19001509
764;4375380
765;29422420
766;17298229
767;16584890
768;15004332
769;7886445
770;17875275
771;14346364
772;11089590
773;8358463
774;19004508
775;23294392
776;35290010
777;17501422
778;15805128
779;12875841
780;32217800
781;17295220
782;16962561
783;6210333
784;14099977
785;16036758
786;33348746
787;18064378
788;9775075
789;25708450
790;13824308
791;7580398
792;25944373
793;3759611
794;31036477
795;8511795
796;13683510
797;29230541
798;35399521
799;16272024
800;18000977
801;6579238
802;18891783
803;18137257
804;18962329
805;20739450
806;9983800
807;13102024
808;7635521
809;8610566
810;15234247
811;13340742
812;19301326
813;28486347
814;4175794
815;16522781
816;12251475
817;18280123
818;26687031
819;11471146
820;12455072
821;15401448
822;19051397
823;11630611
824;17792700
825;9966836
826;20295720
827;15345851
828;5395566
829;28775269
830;10872343
831;8793754
832;20219282
833;15485780
834;28363647
835;21321215
836;25543818
837;15201752
838;6008500
839;17041289
840;13795135
841;14982461
842;26072470
843;9731866
844;14860328
845;21163057
846;13883545
847;16449023
848;29757162
849;16050516
850;15163717
851;24383398
852;25804752
853;4675870
854;19369000
855;17588676
856;27794447
857;26681370
858;29215097
859;11232000
860;12363387
861;23491193
862;12507793
863;7890100
864;12111529
865;16135943
866;21434141
867;35025309
868;9140524
869;16177877
870;14640603
871;14264708
872;18032946
873;24462614
874;35222653
875;14399651
876;16063423
877;11380204
878;14286262
879;33995993
880;25768802
881;7411100
882;16090641
883;20596680
884;12109226
885;21093400
886;8819569
887;29990971
888;20263689
889;17892106
890;6003194
891;25090141
892;32705637
893;22256510
894;16865988
895;18225378
896;21962723
897;17863561
898;27951565
899;30082182
900;6351562
901;31912995
902;10347617
903;16867075
904;19672902
905;3718709
906;24659379
907;25789625
908;10398315
909;15328663
910;14434653
911;13825854
912;13209788
913;20081467
914;23536846
915;15142652
916;20637340
917;13879702
918;22928521
919;21510877
920;9109734
921;7757148
922;14671187
923;33453244
924;35552878
925;9042540
926;20128698
927;15369604
928;17958645
929;9450233
930;9062385
931;9399227
932;10083436
933;19175682
934;4527170
935;20819070
936;11200723
937;10629069
938;11556074
939;15598196
940;13421289
941;15727375
942;7937063
943;23876269
944;14246468
945;7722501
946;12179091
947;7753395
948;16254700
949;19291632
950;25341750
951;24542163
952;15223965
953;9387462
954;14175327
955;14343397
956;6352287
957;15767577
958;33064070
959;8531140
960;14075565
961;57628268
962;13124704
963;11769921
964;20643105
965;17761014
966;12876930
967;18617594
968;20892086
969;7956245
970;15595722
971;8698296
972;13495226
973;14252758
974;35524450
975;6314102
976;17907901
977;22720421
978;13308142
979;14861660
980;28180688
981;25870616
982;18870606
983;37565600
984;10333873
985;30328688
986;5485100
987;35655641
988;21790247
989;30067748
990;16476160
991;11378668
992;10468760
993;25756776
994;15732948
995;22977113
996;26988189
997;3181756
998;18635770
999;21430098
1000;30583421
1001;18001718
1002;14653719
1003;16668637
1004;6158705
1005;13196436
1006;15630477
1007;14780300
1008;18762637
1009;15330464
1010;23755987
1011;16251068
1012;17212121
1013;15479026
1014;12522455
1015;19005752
1016;7899186
1017;10532978
1018;16249407
1019;15817679
1020;10112026
1021;33429952
1022;17664482
1023;12669523
1024;17411840
1025;17540020
1026;8947179
1027;19639837
1028;15071397
1029;12660504
1030;23787643
1031;18266341
1032;15807626
1033;22160061
1034;23854707
1035;25364515
1036;7264942
1037;7161229
1038;18846086
1039;22910485
1040;6049093
1041;8335134
1042;24262309
1043;16325342
1044;15570561
1045;22653568
1046;10039559
1047;10825281
1048;4136702
1049;33936772
1050;4683955
1051;8024233
1052;4784497
1053;15989626
1054;17518631
1055;17515976
1056;16226936
1057;24798452
1058;24623842
1059;10044125
1060;18716812
1061;11590970
1062;17117480
1063;2141379
1064;21678313
1065;18144886
1066;15520197
1067;11490488
1068;25090040
1069;42032679
1070;6708955
1071;20685339
1072;6550202
1073;13480841
1074;14419457
1075;15822069
1076;11503325
1077;6871775
1078;40662749
1079;16555345
1080;33892332
1081;19421783
1082;11002747
1083;16188170
1084;13376750
1085;23488863
1086;23199130
1087;27187625
1088;25612325
1089;36275125
1090;19250695
1091;16749204
1092;11535206
1093;9116043
1094;33131233
1095;17236849
1096;31785792
1097;23281132
1098;7236388
1099;14049076
1100;19129282
1101;23371442
1102;4801593
1103;12742816
1104;12635493
1105;11955989
1106;18672371
1107;20324153
1108;17445268
1109;25756278
1110;12652368
1111;8665051
1112;18909896
1113;4090125
1114;24533918
1115;23615831
1116;7603708
1117;11791625
1118;11014848
1119;19088860
1120;24941881
1121;22351005
1122;15297653
1123;15322047
1124;19913090
1125;25303271
1126;8768048
1127;10077778
1128;12161330
1129;7921894
1130;11206476
1131;12826484
1132;16434704
1133;6823141
1134;11931972
1135;48588664
1136;21114934
1137;28887724
1138;19848415
1139;21658575
1140;19413342
1141;13952724
1142;12386638
1143;7588212
1144;20860545
1145;12030010
1146;12342032
1147;6759343
1148;29658482
1149;15362722
1150;6191081
1151;19167810
1152;17332072
1153;18949376
1154;19814809
1155;8526264
1156;15527902
1157;19951577
1158;22739793
1159;10000643
1160;8401097
1161;9394872
1162;30720012
1163;38570797
1164;23085458
1165;24683521
1166;15245479
1167;17666027
1168;33935027
1169;14779034
1170;29853231
1171;22843085
1172;27332023
1173;22824467
1174;25217200
1175;21408965
1176;47750647
1177;16781852
1178;27937546
1179;13782920
1180;13245278
1181;23148174
1182;17711304
1183;20702382
1184;26791055
1185;11196140
1186;18708343
1187;20000002
1188;13982358
1189;10705587
1190;11182950
1191;33777805
1192;21909270
1193;21782480
1194;20298252
1195;25186204
1196;14963691
1197;36297211
1198;21400390
1199;15738252
1200;4749307
1201;10341400
1202;15088184
1203;32918934
1204;20893983
1205;8736030
1206;6206772
1207;8473445
1208;16893731
1209;10699716
1210;14934760
1211;12618604
1212;7661907
1213;12796376
1214;26363648
1215;10349167
1216;23938815
1217;7364551
1218;28497118
1219;16004481
1220;21408631
1221;11290196
1222;6008061
1223;10224751
1224;4927514
1225;13243497
1226;29182976
1227;12525055
1228;20765144
1229;15005303
1230;6543559
1231;13913417
1232;3486894
1233;16428778
1234;13927434
1235;33072777
1236;23445567
1237;8987542
1238;10058459
1239;13160622
1240;6757808
1241;16567702
1242;19034291
1243;8211576
1244;9402313
1245;23514374
1246;29752183
1247;18574728
1248;19308359
1249;12400519
1250;11117808
1251;17298274
1252;25263416
1253;7754797
1254;39723488
1255;21835788
1256;6356616
1257;21952604
1258;18635652
1259;21515830
1260;12998850
1261;4661035
1262;11694455
1263;11695429
1264;29238609
1265;20790192
1266;7377953
1267;23390931
1268;2721804
1269;20988612
1270;13715771
1271;6710365
1272;8436325
1273;30118242
1274;21747510
1275;14043262
1276;6544615
1277;14909014
1278;12293347
1279;6399672
1280;7645016
1281;9732473
1282;10559852
1283;11000129
1284;13272912
1285;14897739
1286;24703104
1287;19275484
1288;14708697
1289;26343328
1290;6446077
1291;38281086
1292;37810135
1293;20072690
1294;12812034
1295;18334988
1296;17701745
1297;20467471
1298;8954348
1299;12678307
1300;7981841
1301;18730496
1302;15360809
1303;34382695
1304;20560062
1305;15902897
1306;13361092
1307;16200641
1308;14932739
1309;13440566
1310;14384341
1311;17787876
1312;7470626
1313;13736822
1314;17617084
1315;24137807
1316;21494445
1317;13429188
1318;11609617
1319;5200024
1320;15693489
1321;13697323
1322;6678321
1323;13132319
1324;13885562
1325;23479731
1326;4535562
1327;16779186
1328;9636648
1329;23896030
1330;14872783
1331;27208151
1332;22128718
1333;16283618
1334;35479921
1335;13927384
1336;10786314
1337;12449817
1338;20565502
1339;16955109
1340;5029223
1341;10544622
1342;35701227
1343;6335317
1344;13578304
1345;24481472
1346;16681693
1347;21100930
1348;11207891
1349;12203609
1350;8310717
1351;8297190
1352;8052522
1353;20291503
1354;3127861
1355;3485393
1356;12560212
1357;21525298
1358;15028465
1359;17511985
1360;24621589
1361;12138548
1362;9837534
1363;14920903
1364;23270075
1365;19309168
1366;9281860
1367;13725744
1368;12088775
1369;21375142
1370;9880263
1371;18149146
1372;11127769
1373;19997465
1374;8992256
1375;19898830
1376;30344479
1377;15012898
1378;35590391
1379;17121271
1380;11642153
1381;57692919
1382;48376233
1383;20364255
1384;30370702
1385;8201519
1386;20226107
1387;24372280
1388;17496413
1389;13530119
1390;10421910
1391;7568078
1392;13641443
1393;6469158
1394;16570300
1395;19105692
1396;12607511
1397;4892080
1398;24862838
1399;12789013
1400;15566338
1401;18516960
1402;9639538
1403;19665738
1404;14332288
1405;21644776
1406;15808915
1407;5546132
1408;39292587
1409;4902225
1410;27052835
1411;18234795
1412;42254079
1413;22105173
1414;10854932
1415;6841173
1416;29849990
1417;9170570
1418;1234062
1419;9895958
1420;19553116
1421;12063337
1422;20601275
1423;20107791
1424;26037569
1425;5813658
1426;50158727
1427;14007184
1428;10826545
1429;16123914
1430;19909760
1431;18838408
1432;24681178
1433;16152867
1434;27080826
1435;30772782
1436;29933857
1437;17405394
1438;15630590
1439;12040782
1440;22374469
1441;7947455
1442;27938526
1443;18902168
1444;25857212
1445;11250278
1446;15921469
1447;15573750
1448;13366797
1449;20680953
1450;14797326
1451;15522732
1452;15934493
1453;14465590
1454;20147935
1455;27012369
1456;26616809
1457;9101821
1458;33482434
1459;38865817
1460;10799602
1461;13198296
1462;18635004
1463;27133902
1464;27889697
1465;14051892
1466;8329706
1467;14985290
1468;11982120
1469;10045648
1470;18641172
1471;27288260
1472;23745617
1473;21810000
1474;15297116
1475;11884195
1476;14671372
1477;8633425
1478;24617048
1479;15162597
1480;10088593
1481;19362122
1482;7665614
1483;11359784
1484;13364533
1485;10017745
1486;26398660
1487;11296475
1488;25584071
1489;25526997
1490;12867180
1491;20883443
1492;17604809
1493;29769019
1494;9483076
1495;12731744
1496;16028972
1497;16022704
1498;19630589
1499;9155885
1500;15328768
1501;18718497
1502;15231089
1503;14885357
1504;19212542
1505;22913922
1506;12084289
1507;17470115
1508;19459352
1509;6399662
1510;16572772
1511;11820374
1512;12156400
1513;8023375
1514;13548186
1515;16946734
1516;26620296
1517;20838081
1518;17178663
1519;13347377
1520;12924300
1521;4545697
1522;19758824
1523;20894313
1524;15848920
1525;9861483
1526;15314300
1527;33519814
1528;12579875
1529;18864717
1530;22996360
1531;11690964
1532;23056046
1533;17309126
1534;20049797
1535;6872485
1536;16285351
1537;11168823
1538;13117918
1539;14806264
1540;3945479
1541;60258586
1542;19272411
1543;5812355
1544;17281720
1545;8390706
1546;11543326
1547;24693958
1548;26700070
1549;12352566
1550;24672952
1551;14331585
1552;12131090
1553;12904090
1554;19988718
1555;10267886
1556;16532587
1557;19204078
1558;20105330
1559;35054784
1560;28633736
1561;40781921
1562;12187187
1563;16989268
1564;10798966
1565;23059320
1566;15295297
1567;25452871
1568;18448840
1569;8165200
1570;11579058
1571;12330667
1572;26892486
1573;20059215
1574;15888864
1575;22063360
1576;33084658
1577;23808580
1578;12955737
1579;37602134
1580;28767842
1581;18909580
1582;30709845
1583;22297266
1584;17438726
1585;10101774
1586;9371502
1587;11725661
1588;26307296
1589;11765769
1590;19128276
1591;40480152
1592;16429653
1593;9006410
1594;21443977
1595;23728226
1596;8706632
1597;20297348
1598;38485942
1599;27267148
1600;30490741
1601;22641069
1602;31576907
1603;19637703
1604;15119976
1605;12565832
1606;12940845
1607;7989897
1608;21352421
1609;22374547
1610;7041410
1611;25835165
1612;37188191
1613;13955536
1614;17124513
1615;11942688
1616;22771227
1617;23434650
1618;33947281
1619;27607776
1620;16984332
1621;18898490
1622;16796426
1623;17043183
1624;5601871
1625;10268529
1626;24017427
1627;31365445
1628;44366562
1629;18280445
1630;5886623
1631;22307913
1632;18197162
1633;15335878
1634;32182728
1635;34430993
1636;25770323
1637;21465540
1638;16590145
1639;31273139
1640;23676381
1641;35132964
1642;20001667
1643;18035461
1644;10026052
1645;17644719
1646;13412303
1647;13265324
1648;18334435
1649;18198146
1650;17473045
1651;20909529
1652;8678638
1653;12496206
1654;37746856
1655;18725954
1656;8161210
1657;20049960
1658;25504946
1659;18286497
1660;7743095
1661;14148197
1662;33078351
1663;23562337
1664;10317505
1665;13192129
1666;8234622
1667;30356407
1668;17012778
1669;26271391
1670;16151579
1671;6875868
1672;25331647
1673;8450353
1674;25661345
1675;26842435
1676;22681085
1677;19205460
1678;30516023
1679;20901932
1680;21906411
1681;11636107
1682;9956551
1683;23137385
1684;9607335
1685;7330052
1686;24808957
1687;7240895
1688;19628715
1689;13328093
1690;26894820
1691;5458058
1692;23067163
1693;12542626
1694;23962979
1695;18446177
1696;8901861
1697;38203183
1698;29259234
1699;8514911
1700;21677522
1701;18039233
1702;21628200
1703;32404720
1704;15764144
1705;9282111
1706;30215677
1707;21250156
1708;13946733
1709;10105901
1710;18006084
1711;27781237
1712;21366968
1713;28167134
1714;11319041
1715;30450530
1716;23944852
1717;19413676
1718;23053104
1719;22208391
1720;11765757
1721;20474832
1722;15055922
1723;20013004
1724;8602472
1725;30742365
1726;32701274
1727;16432878
1728;30398309
1729;34122416
1730;10201834
1731;7998786
1732;20283207
1733;23699004
1734;33296892
1735;18560485
1736;27377788
1737;20606002
1738;17644037
1739;16378902
1740;10497344
1741;18466188
1742;19892751
1743;28481073
1744;5587940
1745;10573476
1746;19499263
1747;33261620
1748;10284132
1749;15196500
1750;21398745
1751;6379921
1752;12730297
1753;11943989
1754;18669420
1755;30129697
1756;12288328
1757;7958370
1758;6426862
1759;9961647
1760;13479990
1761;8450977
1762;15549307
1763;8403956
1764;17749784
1765;31033515
1766;34132496
1767;21900469
1768;22246194
1769;14541908
1770;4162863
1771;16201869
1772;29463560
1773;24657560
1774;30112909
1775;14046857
1776;24577129
1777;12786497
1778;14510831
1779;25074764
1780;32908280
1781;5902945
1782;15932477
1783;17527584
1784;16272567
1785;17185600
1786;26006318
1787;25462813
1788;12537262
1789;9835151
1790;10428028
1791;18492474
1792;11360081
1793;11297015
1794;18393092
1795;20123309
1796;6489168
1797;7041755
1798;15571741
1799;23470638
1800;18740879
1801;21715827
1802;22210773
1803;13520069
1804;13747034
1805;22051339
1806;18579339
1807;17047173
1808;20064916
1809;12980408
1810;15533130
1811;18202234
1812;16038325
1813;17068466
1814;17972658
1815;22121861
1816;44640909
1817;14329012
1818;6701439
1819;15329138
1820;11221661
1821;11076597
1822;28170472
1823;24054387
1824;8761635
1825;17741227
1826;13924223
1827;11805488
1828;24885202
1829;18467689
1830;23149563
1831;17994122
1832;3859768
1833;12122821
1834;13395580
1835;20332404
1836;11849679
1837;9261274
1838;8234088
1839;29463203
1840;38287980
1841;15414675
1842;5025804
1843;23517215
1844;19098210
1845;8254328
1846;12534170
1847;29249989
1848;16892278
1849;12216064
1850;23350189
1851;19935620
1852;17879511
1853;11635678
1854;10715465
1855;17656754
1856;12647847
1857;19455746
1858;30500776
1859;14773921
1860;28691213
1861;11292733
1862;14314824
1863;18150318
1864;19090880
1865;6032748
1866;4960893
1867;8523823
1868;9765910
1869;7336089
1870;26841330
1871;13167336
1872;12416140
1873;21846604
1874;27994575
1875;18008020
1876;14334935
1877;11861793
1878;23690097
1879;20304291
1880;28595436
1881;21295185
1882;15226573
1883;38625631
1884;19956227
1885;22722465
1886;8037650
1887;13223308
1888;19908866
1889;24175318
1890;15857304
1891;12785830
1892;20134985
1893;4325008
1894;5304000
1895;33657921
1896;23699646
1897;25776292
1898;14155543
1899;19831598
1900;37912887
1901;9081107
1902;28705563
1903;10877924
1904;13281450
1905;17478747
1906;17928586
1907;47219415
1908;21542834
1909;10247292
1910;14973486
1911;19288810
1912;15692832
1913;17360747
1914;5669882
1915;13177170
1916;22698495
1917;22979785
1918;28557134
1919;10912514
1920;18623574
1921;16470838
1922;12005265
1923;26039200
1924;16697448
1925;13825976
1926;10215761
1927;26360481
1928;14130824
1929;24924568
1930;3437114
1931;7135606
1932;9619764
1933;21366508
1934;16996393
1935;12626843
1936;23778771
1937;11983998
1938;10154458
1939;28387484
1940;19846854
1941;14282755
1942;13878617
1943;10761114
1944;11498594
1945;34418506
1946;21259886
1947;27520308
1948;17149697
1949;25362464
1950;8123089
1951;36233175
1952;17141105
1953;23338738
1954;25971684
1955;10330056
1956;14586702
1957;8316905
1958;8308908
1959;24173782
1960;14984058
1961;14295564
1962;13735171
1963;18339206
1964;14015754
1965;12544679
1966;6587404
1967;7813508
1968;14600445
1969;15836763
1970;20912415
1971;19099485
1972;16182837
1973;12797844
1974;8529764
1975;8789811
1976;8586189
1977;11414889
1978;29113345
1979;21849431
1980;17160313
1981;28954317
1982;2045713
1983;31888302
1984;13238704
1985;17476234
1986;15271467
1987;10333613
1988;10586207
1989;3872070
1990;31104465
1991;4615110
1992;18705616
1993;11307473
1994;12204706
1995;15626330
1996;16891961
1997;28327811
1998;24862531
1999;10309877
2000;8898154
2001;20412704
2002;9888025
2003;8799106
2004;14993658
2005;32776092
2006;13668731
2007;12523680
2008;19470470
2009;9215393
2010;16842223
2011;13364623
2012;24550992
2013;16646328
2014;26920053
2015;34708660
2016;29181518
2017;15080672
2018;4671500
2019;11828506
2020;22847250
2021;11614273
2022;8514616
2023;20189252
2024;12563210
2025;18832610
2026;16570682
2027;7072942
2028;25428144
2029;10121943
2030;31100181
2031;3976242
2032;17021241
2033;10960637
2034;34069891
2035;22302125
2036;15897874
2037;10622323
2038;8383643
2039;7627446
2040;12569415
2041;6816880
2042;12349207
2043;17384585
2044;4166618
2045;9546504
2046;12868437
2047;5972755
2048;4357281
2049;21480947
2050;17825446
2051;35980851
2052;9690138
2053;17508253
2054;10249411
2055;16154008
2056;34344532
2057;8873238
2058;9206109
2059;20908882
2060;10447600
2061;17466640
2062;25632115
2063;18225478
2064;15610866
2065;21650361
2066;14621649
2067;9574297
2068;24344487
2069;15891771
2070;17341304
2071;9776319
2072;11617297
2073;41339840
2074;22776806
2075;18861474
2076;14388920
2077;11712966
2078;5843363
2079;24231904
2080;18507369
2081;11272373
2082;16919527
2083;10432206
2084;12556601
2085;9799921
2086;24513293
2087;645771
2088;26991346
2089;13659618
2090;14198057
2091;18189160
2092;9049850
2093;23090176
2094;19216964
2095;13080984
2096;19950310
2097;23549628
2098;5767152
2099;19263137
2100;18744384
2101;15455515
2102;8446871
2103;13817154
2104;11923660
2105;16533940
2106;15308496
2107;10728120
2108;29159445
2109;16925633
2110;12014618
2111;13405519
2112;21375602
2113;11248645
2114;454546
2115;11131446
2116;16914770
2117;32995363
2118;26263451
2119;20451784
2120;24255765
2121;9316884
2122;18962466
2123;39957439
2124;12739828
2125;10632581
2126;18748787
2127;18515551
2128;14192214
2129;12541592
2130;34372347
2131;13011123
2132;14828486
2133;19377769
2134;11894166
2135;23342632
2136;6493904
2137;12799322
2138;4335083
2139;8903833
2140;7844281
2141;17856645
2142;6170494
2143;25310900
2144;30412661
2145;13461154
2146;13165479
2147;19537112
2148;8096569
2149;29305485
2150;13867655
2151;13592254
2152;26175145
2153;14548964
2154;31610068
2155;13302413
2156;9098750
2157;16883588
2158;16545114
2159;20083253
2160;12989265
2161;12362088
2162;19406473
2163;24351730
2164;15584410
2165;24321441
2166;9935141
2167;25688086
2168;36268108
2169;8478697
2170;13265681
2171;18412055
2172;16805866
2173;11347855
2174;18236567
2175;19290870
2176;14147797
2177;19418047
2178;12203980
2179;12991400
2180;3500604
2181;7981232
2182;19656273
2183;24765852
2184;11335460
2185;29347505
2186;33344816
2187;7249572
2188;5570190
2189;30712505
2190;16493381
2191;15037414
2192;8585781
2193;21122540
2194;19468476
2195;631939
2196;15738534
2197;21976137
2198;32301428
2199;9636474
2200;13701182
2201;17668861
2202;7870189
2203;23461567
2204;8842052
2205;21770778
2206;30583720
2207;18432751
2208;16606876
2209;7910666
2210;34462273
2211;3841239
2212;21696817
2213;29769137
2214;11940993
2215;10646988
2216;15577740
2217;17260147
2218;17084805
2219;24659584
2220;14585358
2221;10179623
2222;19603419
2223;27549725
2224;11264217
2225;14633575
2226;20765430
2227;16382942
2228;34354778
2229;32902462
2230;42742406
2231;5603868
2232;20825200
2233;36631395
2234;21669706
2235;10747338
2236;16610162
2237;5985739
2238;12712135
2239;9346423
2240;12152031
2241;38174021
2242;25788918
2243;6813976
2244;19000240
2245;9577187
2246;14425825
2247;30216707
2248;19345697
2249;7735279
2250;8782302
2251;15216302
2252;8992223
2253;14016759
2254;18560098
2255;12343037
2256;11812045
2257;25280770
2258;25323515
2259;19815137
2260;27130177
2261;24698874
2262;24280025
2263;9784737
2264;27643067
2265;23325756
2266;10240512
2267;22126477
2268;21986041
2269;6040802
2270;7426537
2271;34055328
2272;11033394
2273;28073893
2274;20472952
2275;11038687
2276;18804436
2277;27678928
2278;12161203
2279;11778418
2280;17097421
2281;15565761
2282;26284456
2283;18724661
2284;11516444
2285;18340102
2286;19112528
2287;10356868
2288;23847295
2289;26305285
2290;4362984
2291;13762310
2292;20701845
2293;26760355
2294;9028555
2295;8165293
2296;30272779
2297;7422018
2298;29633418
2299;27320848
2300;11843367
2301;29258693
2302;22451953
2303;2926489
2304;9240879
2305;22059026
2306;12497968
2307;27879395
2308;13606262
2309;7713117
2310;14013578
2311;18897660
2312;21186184
2313;12771946
2314;18798250
2315;25435612
2316;14501265
2317;3481959
2318;23292715
2319;24074246
2320;13747018
2321;21458940
2322;11857632
2323;24174513
2324;21597150
2325;12247686
2326;12450069
2327;14283666
2328;18874418
2329;14690276
2330;13988861
2331;12909460
2332;20184602
2333;19271306
2334;8814372
2335;17916509
2336;31044131
2337;22923766
2338;23417648
2339;18565211
2340;7283225
2341;21696388
2342;18937464
2343;41697691
2344;25635779
2345;12647266
2346;37991882
2347;29008533
2348;24345307
2349;10103011
2350;27744900
2351;36755232
2352;17789856
2353;13839583
2354;16815798
2355;11515116
2356;17520560
2357;16454184
2358;20873523
2359;20859175
2360;4433557
2361;29730442
2362;19516058
2363;5689822
2364;33034005
2365;8711112
2366;17382800
2367;12339987
2368;5896013
2369;22590144
2370;16197114
2371;27571342
2372;13178967
2373;15395867
2374;16078452
2375;19657744
2376;9489687
2377;7678846
2378;13006369
2379;14611245
2380;24682373
2381;31789718
2382;32020136
2383;34960207
2384;9896700
2385;19695359
2386;16416812
2387;8472340
2388;12110361
2389;37610270
2390;12013052
2391;16240468
2392;13247747
2393;14825791
2394;19469000
2395;38453577
2396;13735070
2397;27184604
2398;9703152
2399;10472402
2400;9964212
2401;7855700
2402;12543663
2403;9683538
2404;11147618
2405;12614054
2406;44406744
2407;10067562
2408;14655222
2409;9894431
2410;18793518
2411;12044938
2412;26085239
2413;23024423
2414;25077248
2415;13370335
2416;15574802
2417;16454938
2418;22166653
2419;12330881
2420;14850633
2421;26389960
2422;9767034
2423;1770103
2424;10595526
2425;5915761
2426;25829356
2427;30222148
2428;18514568
2429;12000115
2430;5271424
2431;10403930
2432;13139495
2433;2946130
2434;45701377
2435;10278609
2436;11188567
2437;17226495
2438;14365343
2439;25460606
2440;23547607
2441;18914286
2442;18345331
2443;4763469
2444;8905604
2445;7991402
2446;7587263
2447;12741873
2448;11335116
2449;11166900
2450;9946825
2451;7725596
2452;35721404
2453;26628401
2454;28672945
2455;21445314
2456;13975959
2457;16231627
2458;19062309
2459;13504526
2460;26293167
2461;19758568
2462;10903255
2463;21201380
2464;9853986
2465;9542975
2466;22570318
2467;15027302
2468;14381380
2469;14949315
2470;19695093
2471;19586305
2472;16652467
2473;11260882
2474;20829140
2475;12333619
2476;10512963
2477;22937255
2478;10375106
2479;8942552
2480;17549573
2481;9575200
2482;18358836
2483;13986528
2484;20762645
2485;18103827
2486;17177698
2487;3172094
2488;12427576
2489;25950792
2490;28110907
2491;9860520
2492;10954648
2493;7602402
2494;12491436
2495;15081116
2496;17806164
2497;15786119
2498;8917205
2499;8793161
2500;21231890
2501;12088100
2502;19509323
2503;22831839
2504;10738412
2505;7883689
2506;22925075
2507;21907088
2508;14760665
2509;11336544
2510;16115105
2511;8866346
2512;20025490
2513;20402700
2514;42160576
2515;24116935
2516;35091836
2517;16563903
2518;20148128
2519;17461117
2520;5968722
2521;34217591
2522;24130200
2523;9000402
2524;15498830
2525;11449314
2526;17150835
2527;16180184
2528;44953592
2529;25115463
2530;12901343
2531;27328069
2532;21819918
2533;11615821
2534;24453358
2535;26861145
2536;12078582
2537;25286096
2538;24276801
2539;10121097
2540;13107948
2541;16582565
2542;9411206
2543;17377547
2544;23488326
2545;14376769
2546;18687441
2547;62331456
2548;14055566
2549;22541145
2550;13459827
2551;15689188
2552;26123709
2553;17253729
2554;16022344
2555;17009779
2556;6126912
2557;32733044
2558;27815352
2559;7307311
2560;27914551
2561;14570249
2562;18349388
2563;20704565
2564;35833933
2565;14532963
2566;33260232
2567;9578012
2568;6647278
2569;15495225
2570;4804544
2571;6677545
2572;18904118
2573;12365600
2574;20306800
2575;14596603
2576;17243076
2577;26000833
2578;11455910
2579;19774923
2580;13526668
2581;18906700
2582;6065976
2583;9234240
2584;15568069
2585;13586561
2586;11746568
2587;26374936
2588;24972580
2589;15838196
2590;11020185
2591;17118214
2592;36355772
2593;11801356
2594;39587915
2595;16976473
2596;12152574
2597;7856182
2598;16666985
2599;26080434
2600;34871402
2601;19421221
2602;11785257
2603;8242366
2604;29181042
2605;11037728
2606;12325802
2607;16482980
2608;20139122
2609;19128897
2610;21477730
2611;15124601
2612;17018716
2613;19654946
2614;8722004
2615;19730335
2616;14101459
2617;26738125
2618;28141726
2619;13825453
2620;19682041
2621;27657483
2622;9924991
2623;18520505
2624;35554608
2625;10325733
2626;12896901
2627;21334890
2628;27578628
2629;6263213
2630;16267238
2631;12592109
2632;16065078
2633;16796935
2634;21041736
2635;48946337
2636;25701560
2637;19668187
2638;10154146
2639;9266424
2640;9380795
2641;14531462
2642;23217217
2643;12736577
2644;11079838
2645;9184738
2646;25180930
2647;14983726
2648;19657459
2649;10225977
2650;21497438
2651;14680502
2652;39994391
2653;15470057
2654;12387706
2655;24923797
2656;25990293
2657;20100998
2658;14120454
2659;9458938
2660;26193584
2661;33156387
2662;15651566
2663;23737737
2664;14963365
2665;10087776
2666;17885508
2667;12323087
2668;7090419
2669;23395682
2670;16998100
2671;13785544
2672;29452833
2673;8695593
2674;30862645
2675;15619573
2676;17296566
2677;9218681
2678;10772448
2679;17149492
2680;21859131
2681;6297981
2682;14441165
2683;13753100
2684;19492360
2685;29631526
2686;7945294
2687;35754641
2688;14822240
2689;15960494
2690;13726642
2691;16514786
2692;29364300
2693;25647520
2694;5184536
2695;8251894
2696;22192640
2697;32258113
2698;19467357
2699;9287115
2700;14173993
2701;27964342
2702;12857252
2703;13439503
2704;8703917
2705;15539986
2706;45079577
2707;7756419
2708;18977093
2709;44976618
2710;26277066
2711;21256245
2712;9376655
2713;16927942
2714;21795695
2715;15410624
2716;21830085
2717;12998648
2718;8362702
2719;8867636
2720;23516663
2721;23335058
2722;32263197
2723;6301302
2724;14644647
2725;10254181
2726;15198820
2727;4944258
2728;10546990
2729;21750574
2730;8638765
2731;18166052
2732;24913611
2733;23155315
2734;32106736
2735;16276243
2736;8298889
2737;9961588
2738;38590566
2739;10606538
2740;14213175
2741;16425213
2742;24027579
2743;16057727
2744;13506758
2745;10458568
2746;7933904
2747;9614400
2748;8022343
2749;7603172
2750;8970672
2751;11325450
2752;16029593
2753;13859601
2754;12661946
2755;13178023
2756;10723794
2757;25137569
2758;16035318
2759;4560936
2760;25819058
2761;17347126
2762;21090757
2763;10690359
2764;21501209
2765;12943951
2766;6663195
2767;14905037
2768;11516207
2769;7003854
2770;22747636
2771;18477434
2772;28302968
2773;13456580
2774;29405611
2775;20427587
2776;6059620
2777;18211685
2778;31236693
2779;13601510
2780;14961140
2781;10609506
2782;14245063
2783;21731485
2784;25935848
2785;10856240
2786;18097630
2787;19210591
2788;26528220
2789;12680377
2790;4585900
2791;17326962
2792;16464874
2793;18930628
2794;19802275
2795;25596437
2796;8526714
2797;14059070
2798;12187456
2799;38668858
2800;6763869
2801;19251883
2802;18928505
2803;8409497
2804;26150015
2805;29009557
2806;32759073
2807;8996202
2808;19494638
2809;13605890
2810;4548842
2811;22902979
2812;31409367
2813;10870835
2814;17343485
2815;11678016
2816;26357618
2817;15864416
2818;10132207
2819;11822328
2820;3379582
2821;8027815
2822;44079273
2823;12986182
2824;13018636
2825;26007189
2826;23789781
2827;3705471
2828;15245700
2829;10480730
2830;9809923
2831;8509569
2832;16852700
2833;18760240
2834;12483007
2835;19801150
2836;7079193
2837;13031572
2838;26530480
2839;23308787
2840;12073807
2841;23142815
2842;23556322
2843;38253351
2844;14201615
2845;12876528
2846;27843210
2847;19450046
2848;25924462
2849;34251810
2850;22280786
2851;20608874
2852;28494170
2853;24402502
2854;8499357
2855;13449764
2856;7257045
2857;5524328
2858;8799855
2859;9080346
2860;24261814
2861;13930490
2862;11654689
2863;16446268
2864;11159050
2865;45970217
2866;16854460
2867;19241132
2868;22433550
2869;15633437
2870;9318880
2871;15735435
2872;13509265
2873;18957748
2874;6170388
2875;22552880
2876;10424440
2877;19737277
2878;42423064
2879;8378585
2880;6796289
2881;24533213
2882;28469891
2883;17578650
2884;27447071
2885;20668913
2886;25034694
2887;16796512
2888;14240172
2889;9121283
2890;12262847
2891;30018860
2892;20666773
2893;16505381
2894;33532322
2895;28253140
2896;33875724
2897;21270638
2898;29858014
2899;13346384
2900;11358097
2901;12566431
2902;15950343
2903;18857245
2904;39615948
2905;7575342
2906;27201620
2907;35499866
2908;38431206
2909;13107620
2910;12010864
2911;9122409
2912;30368012
2913;24659914
2914;12450234
2915;29935101
2916;8436272
2917;30545208
2918;11612248
2919;19328152
2920;16123468
2921;18894984
2922;18015828
2923;35259725
2924;14430385
2925;19829415
2926;24676111
2927;9711584
2928;10187305
2929;27585095
2930;21800553
2931;13550458
2932;18728635
2933;32157463
2934;5750791
2935;12448923
2936;13865698
2937;10585584
2938;15887909
2939;25539515
2940;17012842
2941;15327484
2942;32925087
2943;18302778
2944;16757741
2945;19305102
2946;14269679
2947;15791814
2948;33829444
2949;20846463
2950;9517623
2951;11199821
2952;4522950
2953;18962382
2954;15366951
2955;19753444
2956;17165486
2957;20730331
2958;15086562
2959;12850512
2960;24649891
2961;14955940
2962;14943234
2963;22283931
2964;14582597
2965;48447696
2966;18070423
2967;8560526
2968;20830795
2969;9842549
2970;19825080
2971;8849326
2972;10018624
2973;21369824
2974;13910077
2975;31418057
2976;13736787
2977;10954400
2978;16493722
2979;7978008
2980;6743509
2981;43057105
2982;3522384
2983;34403925
2984;11379595
2985;11941714
2986;13680678
2987;15001179
2988;9236793
2989;9628558
2990;25853938
2991;26053673
2992;6174700
2993;11809592
2994;13534308
2995;6542307
2996;12727106
2997;10906245
2998;13177682
2999;15265447
3000;3053102
3001;20671975
3002;16011130
3003;15290576
3004;12567002
3005;6479540
3006;37980820
3007;21482956
3008;26588823
3009;11186590
3010;23266990
3011;17665714
3012;6635975
3013;24895979
3014;8813382
3015;14540592
3016;21866269
3017;12164748
3018;23132811
3019;16107080
3020;14619701
3021;45713145
3022;14171773
3023;34159517
3024;14512710
3025;27047185
3026;16247864
3027;20673206
3028;23102839
3029;12976077
3030;23985924
3031;17453659
3032;14252690
3033;16054019
3034;22570478
3035;21502547
3036;8351551
3037;31210125
3038;6191667
3039;24546935
3040;11674497
3041;13801764
3042;14475609
3043;18902880
3044;11782261
3045;36045978
3046;11939084
3047;14110330
3048;12707297
3049;7678702
3050;20750406
3051;29333035
3052;7940154
3053;10721177
3054;14953151
3055;9279629
3056;11219386
3057;14044092
3058;7758032
3059;26161027
3060;27830688
3061;15457538
3062;9427978
3063;14214397
3064;8358105
3065;19549033
3066;15579451
3067;13890105
3068;23745680
3069;18656327
3070;19653105
3071;28328404
3072;32216673
3073;22322984
3074;28374345
3075;16364307
3076;28807152
3077;13243987
3078;12221288
3079;25772460
3080;5165471
3081;16799697
3082;17810175
3083;37691375
3084;18877163
3085;30808636
3086;27304432
3087;11968157
3088;11683717
3089;17389472
3090;30051471
3091;14006902
3092;15711581
3093;16305768
3094;19903645
3095;18747778
3096;10916552
3097;20507765
3098;24745358
3099;14029026
3100;8110661
3101;9246462
3102;20402456
3103;18539448
3104;4693757
3105;7978210
3106;9789330
3107;20849258
3108;19361127
3109;6632228
3110;9451523
3111;15016405
3112;19582177
3113;11402118
3114;28988841
3115;17072187
3116;15094958
3117;15792020
3118;13075217
3119;8439770
3120;18299444
3121;20132853
3122;28611619
3123;19901006
3124;14307689
3125;6267900
3126;10229237
3127;12116341
3128;14722070
3129;8468382
3130;12066107
3131;19108557
3132;19738686
3133;4321102
3134;17483720
3135;25470330
3136;20798434
3137;11509230
3138;19345212
3139;30712398
3140;14302494
3141;16624356
3142;18077433
3143;25379062
3144;5565386
3145;20730660
3146;26701717
3147;24981080
3148;10377615
3149;21432830
3150;25565780
3151;37072809
3152;9177752
3153;37236075
3154;9436225
3155;29283479
3156;24061560
3157;24773781
3158;15296362
3159;6371753
3160;8611151
3161;20942778
3162;31058417
3163;4759737
3164;37801584
3165;13509088
3166;13757517
3167;34152920
3168;14743836
3169;10962587
3170;17533414
3171;20221497
3172;37046221
3173;15152685
3174;11282364
3175;12626850
3176;23488512
3177;6098549
3178;30508818
3179;13410335
3180;20256080
3181;23173757
3182;8714297
3183;3607051
3184;11835160
3185;11908981
3186;11537566
3187;8574471
3188;12547865
3189;29312725
3190;24840895
3191;14238394
3192;12942359
3193;22405393
3194;19670668
3195;19473086
3196;18305993
3197;10686870
3198;9268916
3199;9950306
3200;8907420
3201;18512136
3202;12691658
3203;2268650
3204;20110113
3205;22114003
3206;19180078
3207;27403770
3208;18436535
3209;28885595
3210;13260972
3211;6349370
3212;16903075
3213;13404568
3214;24192935
3215;8560552
3216;13107781
3217;4990387
3218;15704692
3219;40665188
3220;21676554
3221;13155912
3222;19441808
3223;29150592
3224;22389509
3225;13788189
3226;2348905
3227;5327988
3228;16764021
3229;32258774
3230;21470387
3231;10834497
3232;12045046
3233;25946256
3234;20424854
3235;23883710
3236;7678851
3237;11341497
3238;18256644
3239;58119121
3240;9791150
3241;8746477
3242;15299983
3243;16137838
3244;13999544
3245;15195533
3246;26920074
3247;22020239
3248;6393485
3249;5987873
3250;8721012
3251;6759689
3252;13216246
3253;4182360
3254;7052413
3255;20769820
3256;8909094
3257;15919357
3258;7409010
3259;32215045
3260;18285065
3261;16362081
3262;9014858
3263;11126732
3264;12864113
3265;7888700
3266;8136367
3267;31461436
3268;10953479
3269;10317486
3270;21569817
3271;12685625
3272;20956836
3273;16847022
3274;32734782
3275;9205100
3276;15549834
3277;56828108
3278;40056417
3279;18343023
3280;39192995
3281;14798477
3282;16219781
3283;15272076
3284;21900520
3285;21671432
3286;16793626
3287;6784138
3288;15750217
3289;17181867
3290;8091297
3291;38471363
3292;7464895
3293;9700050
3294;7946606
3295;20925982
3296;16364477
3297;7812509
3298;38522780
3299;27441177
3300;8174484
3301;12616095
3302;22396454
3303;14150890
3304;18583123
3305;20036644
3306;19382797
3307;24287597
3308;10613260
3309;43544909
3310;14720890
3311;6795432
3312;9056063
3313;6359429
3314;27763823
3315;22696308
3316;32287189
3317;14762359
3318;12002289
3319;12072473
3320;9077448
3321;25649508
3322;14779395
3323;11547347
3324;18593320
3325;35130064
3326;10507886
3327;34006552
3328;17272269
3329;16654575
3330;4477358
3331;16518648
3332;15637116
3333;17441062
3334;11146858
3335;17002200
3336;13720906
3337;28458302
3338;31710593
3339;7838798
3340;20428843
3341;27792830
3342;10168285
3343;13562138
3344;3629367
3345;8183742
3346;14854697
3347;17659609
3348;9827803
3349;25587379
3350;31064083
3351;27424404
3352;13961901
3353;11040640
3354;9672586
3355;19917231
3356;20290473
3357;9740123
3358;6146615
3359;17280950
3360;25822406
3361;19965461
3362;14755314
3363;22441124
3364;12100378
3365;31300439
3366;18731962
3367;12645928
3368;32152902
3369;12234615
3370;13800811
3371;15615780
3372;16336095
3373;11256666
3374;23742427
3375;35055390
3376;6120361
3377;16502648
3378;24955351
3379;9054671
3380;13027115
3381;24899035
3382;15338495
3383;15428194
3384;15191432
3385;10293553
3386;18509523
3387;14437242
3388;10627218
3389;21899596
3390;16083354
3391;13285670
3392;32415965
3393;39304064
3394;22057697
3395;27101031
3396;18235925
3397;24005429
3398;8676189
3399;10902298
3400;10506076
3401;36175891
3402;7254348
3403;17810784
3404;22113371
3405;23276886
3406;15135646
3407;23139955
3408;5346510
3409;19457438
3410;18418017
3411;28386512
3412;13647344
3413;31485387
3414;17536908
3415;10200280
3416;18200087
3417;11701995
3418;24146265
3419;27094391
3420;14685265
3421;16839456
3422;3013500
3423;10830364
3424;15740197
3425;15395158
3426;16355634
3427;28850710
3428;24546770
3429;17413764
3430;41836080
3431;19074059
3432;12214958
3433;11757226
3434;31504181
3435;10489172
3436;22872944
3437;4792692
3438;29010027
3439;13148765
3440;12275107
3441;14871402
3442;12602916
3443;21254760
3444;20996352
3445;25209437
3446;16049579
3447;10551265
3448;5758740
3449;7826764
3450;8040721
3451;5869610
3452;5787150
3453;17753042
3454;21080185
3455;7008313
3456;15888116
3457;44371506
3458;20606354
3459;6632765
3460;22269807
3461;19111658
3462;37379518
3463;13949072
3464;8408977
3465;5638367
3466;14255275
3467;23031774
3468;13190060
3469;15777010
3470;10411088
3471;8449410
3472;9791430
3473;21841517
3474;22077233
3475;29017019
3476;36140888
3477;18143315
3478;29972161
3479;6381836
3480;10460030
3481;14179229
3482;6628596
3483;12477519
3484;19164255
3485;14724321
3486;3905095
3487;12794494
3488;11519369
3489;32528563
3490;7309835
3491;44791018
3492;21552388
3493;17812812
3494;6920765
3495;7217597
3496;28212507
3497;13797380
3498;29385782
3499;8539707
3500;14397834
3501;9333797
3502;5010315
3503;12318529
3504;9791815
3505;16914082
3506;10624933
3507;30640467
3508;21029355
3509;15203013
3510;28998691
3511;22864664
3512;19122575
3513;24430346
3514;25633600
3515;16253155
3516;22001196
3517;11720270
3518;18531179
3519;18243072
3520;15127355
3521;20592440
3522;15774658
3523;6519978
3524;11082732
3525;21132540
3526;14929923
3527;31399147
3528;12387777
3529;26252479
3530;7247724
3531;11184513
3532;14008276
3533;16120680
3534;21994351
3535;19071794
3536;9286612
3537;20030328
3538;8329715
3539;10097841
3540;26054812
3541;12130845
3542;6994828
3543;25382125
3544;16657443
3545;9634312
3546;9988084
3547;18240796
3548;8872084
3549;18468851
3550;22550838
3551;13173313
3552;12355910
3553;20643426
3554;14859455
3555;22224526
3556;17394508
3557;38056275
3558;29809815
3559;1314562
3560;12220117
3561;24505782
3562;8998768
3563;23474825
3564;15646389
3565;14137215
3566;8723119
3567;6850908
3568;27444802
3569;15341616
3570;29624145
3571;21352034
3572;10902618
3573;17413214
3574;14027546
3575;13740134
3576;18935373
3577;20585013
3578;14408470
3579;14888337
3580;15555614
3581;11172625
3582;22408513
3583;17192506
3584;17013200
3585;5818522
3586;27346002
3587;13695665
3588;17847943
3589;10595590
3590;11496748
3591;25458350
3592;13086825
3593;22829410
3594;3991761
3595;25721016
3596;25272544
3597;28280916
3598;13091161
3599;36499202
3600;23551549
3601;6999148
3602;29647045
3603;10525850
3604;16565310
3605;6720064
3606;6525382
3607;9315140
3608;17222123
3609;23685626
3610;22248883
3611;20422981
3612;13616230
3613;15936036
3614;21722051
3615;15942060
3616;20640213
3617;11110107
3618;9225188
3619;36156797
3620;29056051
3621;28120891
3622;8562770
3623;9681062
3624;11504972
3625;23105135
3626;31831367
3627;6653577
3628;15493641
3629;31257784
3630;17341394
3631;26118672
3632;16592753
3633;31270703
3634;8530119
3635;14241200
3636;23141457
3637;26663955
3638;11290265
3639;11857002
3640;29560553
3641;11598864
3642;15605802
3643;13537962
3644;11949847
3645;14654453
3646;8021144
3647;12529525
3648;30600563
3649;19532452
3650;6192702
3651;9764972
3652;8025442
3653;7963751
3654;9624958
3655;14677654
3656;10877300
3657;9514180
3658;41985410
3659;6829945
3660;14878383
3661;18024060
3662;15157518
3663;18856983
3664;8540365
3665;33708525
3666;20617104
3667;29709686
3668;18857630
3669;24437845
3670;30477661
3671;18737248
3672;15710463
3673;10327748
3674;12909429
3675;18397676
3676;20511391
3677;38709230
3678;26394392
3679;32042038
3680;11202106
3681;15454251
3682;10844731
3683;10498664
3684;6587850
3685;27004755
3686;20977545
3687;2411137
3688;40699454
3689;17952864
3690;11912420
3691;2611931
3692;17319231
3693;26211612
3694;5260551
3695;11751161
3696;18225717
3697;12632819
3698;11508873
3699;12146837
3700;20383944
3701;26170478
3702;5007296
3703;15743941
3704;17326634
3705;11261821
3706;10069637
3707;17153592
3708;14905791
3709;16665747
3710;5344784
3711;23632552
3712;5359817
3713;14211232
3714;13191598
3715;32751525
3716;10261763
3717;7942502
3718;9563793
3719;12657400
3720;17484489
3721;12477643
3722;15327754
3723;17388004
3724;27055007
3725;8367129
3726;8481317
3727;38648564
3728;11382620
3729;20110129
3730;29206274
3731;23639702
3732;27100797
3733;23741841
3734;9935492
3735;25710416
3736;12513242
3737;27338585
3738;16357150
3739;14535600
3740;16466669
3741;12857962
3742;39701321
3743;15732517
3744;15701122
3745;35542525
3746;13964852
3747;14034706
3748;13873217
3749;16087186
3750;10911269
3751;28628720
3752;20774880
3753;16780565
3754;31400745
3755;20644847
3756;12449550
3757;20214571
3758;12692395
3759;20059717
3760;24824666
3761;9681665
3762;18709211
3763;25784104
3764;17081509
3765;17186369
3766;14992200
3767;29052576
3768;20538289
3769;11256627
3770;31637220
3771;14410803
3772;17148248
3773;13485490
3774;13156405
3775;19830414
3776;14279707
3777;13880580
3778;9217897
3779;4112530
3780;12389938
3781;12336090
3782;18596965
3783;16793854
3784;23124887
3785;10349685
3786;33314728
3787;8007857
3788;9653428
3789;24229175
3790;9810997
3791;21316793
3792;22972662
3793;18774147
3794;26378697
3795;24608826
3796;6587219
3797;25443083
3798;19876757
3799;8606213
3800;17738489
3801;5249420
3802;33144075
3803;30524862
3804;10617660
3805;21135689
3806;23313384
3807;32528181
3808;16410843
3809;12716517
3810;10136253
3811;18707886
3812;25259166
3813;16995633
3814;21950919
3815;20491946
3816;9057425
3817;32169892
3818;10167040
3819;20120236
3820;8251316
3821;17233294
3822;16529314
3823;14583577
3824;17622120
3825;22202909
3826;17000958
3827;25937338
3828;25773995
3829;18493769
3830;11506630
3831;8863511
3832;16940148
3833;15911750
3834;16682997
3835;25275727
3836;24384886
3837;13672268
3838;7688576
3839;32608520
3840;17982597
3841;16271424
3842;24674670
3843;16263322
3844;18582779
3845;15649763
3846;25571034
3847;9684442
3848;14720960
3849;24710752
3850;15247925
3851;16539267
3852;9597890
3853;14743765
3854;15982839
3855;18968413
3856;15186606
3857;33893790
3858;14049175
3859;25068095
3860;33743302
3861;11411477
3862;15922994
3863;19918952
3864;31736433
3865;19178288
3866;14513528
3867;15595885
3868;6668687
3869;33618819
3870;12677722
3871;15236972
3872;25045134
3873;22598550
3874;27872556
3875;11958039
3876;14492030
3877;18072548
3878;18566418
3879;18087545
3880;4564893
3881;31077237
3882;24477373
3883;8831712
3884;10303548
3885;25109171
3886;13192280
3887;26216990
3888;15563320
3889;10868429
3890;7406844
3891;24653538
3892;15634642
3893;15807175
3894;33036814
3895;31074311
3896;33739308
3897;11382263
3898;24054325
3899;33381054
3900;26019627
3901;8601009
3902;16365316
3903;18116904
3904;27893448
3905;8255975
3906;6564262
3907;16624358
3908;28300688
3909;20224504
3910;13800727
3911;19814582
3912;9115787
3913;16949485
3914;15696205
3915;11738736
3916;9731877
3917;16486214
3918;34778900
3919;10153016
3920;13364292
3921;15983313
3922;19993279
3923;22323796
3924;33230046
3925;28291369
3926;26747114
3927;9619933
3928;18183286
3929;17198124
3930;9567807
3931;7423360
3932;20012166
3933;7317773
3934;17283691
3935;19992056
3936;11429683
3937;20971176
3938;12727927
3939;11137854
3940;22463904
3941;18447092
3942;8770178
3943;31277602
3944;4491114
3945;12573394
3946;2594808
3947;13594636
3948;7847950
3949;24073108
3950;23917534
3951;13045693
3952;10491553
3953;30078888
3954;16841513
3955;23778290
3956;26678720
3957;12191467
3958;14981477
3959;3592297
3960;13612942
3961;24531505
3962;18246676
3963;12294753
3964;19228590
3965;11177008
3966;13421661
3967;21522018
3968;14350427
3969;14250165
3970;8876333
3971;17017651
3972;24355869
3973;9501400
3974;33800645
3975;9950142
3976;16490472
3977;17127953
3978;8218064
3979;27255387
3980;16250784
3981;16484565
3982;17618044
3983;16508162
3984;27206153
3985;17788284
3986;6730651
3987;11270144
3988;6372275
3989;23769234
3990;8979319
3991;12445493
3992;5125989
3993;8037302
3994;12789167
3995;15820264
3996;18162372
3997;13465652
3998;9615185
3999;38768835
4000;20510286
4001;21560541
4002;17819409
4003;12516114
4004;28113021
4005;18767527
4006;31144704
4007;15155555
4008;7592607
4009;23693760
4010;33359000
4011;11487230
4012;16827628
4013;17532223
4014;20183360
4015;34294868
4016;24438146
4017;20131338
4018;30464587
4019;5491166
4020;45575750
4021;9708325
4022;9052582
4023;19236821
4024;5724892
4025;6470407
4026;21678778
4027;12369342
4028;9934810
4029;4531446
4030;8826279
4031;13147126
4032;14489238
4033;22338821
4034;13760750
4035;14410396
4036;13184279
4037;15681208
4038;14912374
4039;28574284
4040;12814166
4041;8845527
4042;23218760
4043;10191600
4044;15921779
4045;14835560
4046;11615089
4047;20982733
4048;13167093
4049;6532952
4050;24175887
4051;6569816
4052;15787586
4053;16944342
4054;18769642
4055;9911850
4056;9551845
4057;13812081
4058;15560843
4059;6194478
4060;22715405
4061;8698868
4062;9552821
4063;12029841
4064;15878589
4065;32803428
4066;19401872
4067;25596297
4068;12120518
4069;6186258
4070;21361972
4071;9217997
4072;19595747
4073;14691280
4074;29218386
4075;9491056
4076;6701170
4077;23368888
4078;7304534
4079;13197376
4080;16819252
4081;24654536
4082;18188383
4083;8583160
4084;5186681
4085;29602011
4086;9209012
4087;35976015
4088;16437485
4089;6439792
4090;4067000
4091;12158924
4092;36830772
4093;15026890
4094;24070596
4095;13464429
4096;18729559
4097;28062120
4098;10766168
4099;24400279
4100;12690687
4101;54395063
4102;25267500
4103;14708952
4104;31720045
4105;25904032
4106;36078946
4107;13014868
4108;5367212
4109;17937300
4110;16390394
4111;15735300
4112;20326688
4113;13183382
4114;10643611
4115;10921600
4116;16355825
4117;4088546
4118;5639977
4119;15214809
4120;16187758
4121;20555046
4122;16585312
4123;10610698
4124;17015276
4125;8418944
4126;16841319
4127;8741913
4128;21574812
4129;24318644
4130;29411777
4131;14411450
4132;16466016
4133;20512734
4134;22176465
4135;18256495
4136;30377088
4137;19803686
4138;14722515
4139;16533616
4140;15600661
4141;18427593
4142;11810135
4143;18759234
4144;22216293
4145;10894526
4146;12673960
4147;16857642
4148;8795006
4149;8183586
4150;38531845
4151;9085973
4152;15366736
4153;12767403
4154;17042372
4155;6744170
4156;6783220
4157;15417797
4158;21962677
4159;29638806
4160;10095546
4161;22229221
4162;4284569
4163;16735895
4164;13170803
4165;12979146
4166;10953673
4167;6117837
4168;15525129
4169;42847094
4170;28057719
4171;9009726
4172;6412415
4173;16620768
4174;14742078
4175;17029890
4176;4223229
4177;39839055
4178;11443728
4179;10277495
4180;9720672
4181;27317327
4182;17331353
4183;18686773
4184;11755928
4185;9106047
4186;26735596
4187;32449795
4188;8025061
4189;18006065
4190;18316707
4191;17975148
4192;7064852
4193;9244339
4194;27665678
4195;27799966
4196;27753541
4197;8936091
4198;8874012
4199;30021410
4200;15144828
4201;16947146
4202;19231027
4203;18697373
4204;23298291
4205;19048274
4206;28471323
4207;22858800
4208;24859009
4209;13343532
4210;18492823
4211;17549363
4212;12870041
4213;31627012
4214;20605437
4215;18676672
4216;29356850
4217;6964390
4218;18347981
4219;9263445
4220;9364489
4221;26410689
4222;10337713
4223;18255100
4224;15859967
4225;22592890
4226;9407700
4227;12921802
4228;19556304
4229;30676649
4230;13265895
4231;8455318
4232;22462805
4233;17091852
4234;14291195
4235;9132561
4236;11379004
4237;15057270
4238;5907262
4239;20750594
4240;19093932
4241;11706294
4242;17808590
4243;5297682
4244;27229021
4245;3476952
4246;30402605
4247;27620093
4248;18968680
4249;12102586
4250;28825858
4251;21765256
4252;22292042
4253;18780224
4254;11305423
4255;10186265
4256;17520489
4257;16580726
4258;7686389
4259;8145400
4260;10891561
4261;8987354
4262;15977981
4263;47443725
4264;20881756
4265;11841079
4266;16427926
4267;12156745
4268;27517172
4269;5214839
4270;8260513
4271;35096667
4272;13442318
4273;38088638
4274;32424342
4275;4121003
4276;15690428
4277;24932783
4278;14517357
4279;23455355
4280;24133652
4281;19573408
4282;20733006
4283;7601719
4284;6075195
4285;33283911
4286;27814191
4287;26947944
4288;20694675
4289;12593445
4290;4389167
4291;4987341
4292;5745751
4293;9056494
4294;27299582
4295;29005781
4296;19353700
4297;23443397
4298;22051797
4299;12001250
4300;10958017
4301;20649077
4302;7539111
4303;10074446
4304;10307251
4305;19690913
4306;49777808
4307;8407645
4308;14840325
4309;10979557
4310;27217118
4311;17679514
4312;5085645
4313;21076469
4314;13167000
4315;5169101
4316;32642447
4317;17730210
4318;16595420
4319;26633907
4320;12439674
4321;30629312
4322;23299754
4323;7239418
4324;34276161
4325;19723553
4326;13570474
4327;12798735
4328;30152533
4329;19398047
4330;16309210
4331;12804288
4332;28050588
4333;11883528
4334;8837016
4335;11074432
4336;38961169
4337;9708760
4338;20310531
4339;33035797
4340;26984716
4341;11271235
4342;19578727
4343;10172069
4344;13022330
4345;11278813
4346;35904765
4347;8045682
4348;4623908
4349;16460902
4350;14962076
4351;15209964
4352;8820852
4353;9584066
4354;15960749
4355;16588253
4356;8310197
4357;14191775
4358;22196656
4359;20890884
4360;33738630
4361;8728719
4362;22069744
4363;18158182
4364;27237992
4365;37428927
4366;13285606
4367;20960134
4368;3977608
4369;13493274
4370;16265681
4371;9296773
4372;3276428
4373;16166105
4374;22459982
4375;13230941
4376;17475451
4377;22649601
4378;5504625
4379;10011635
4380;15415406
4381;23748794
4382;9227547
4383;12486239
4384;24510129
4385;18881127
4386;20135144
4387;12340108
4388;23139962
4389;9324952
4390;9242234
4391;5936769
4392;13982373
4393;20197978
4394;8924280
4395;25089737
4396;17000393
4397;15857963
4398;14899640
4399;24663144
4400;18187728
4401;28377693
4402;12146506
4403;17877639
4404;1713750
4405;13706859
4406;17517584
4407;13518487
4408;16527623
4409;19816025
4410;24557135
4411;21186933
4412;11933674
4413;15798933
4414;22312988
4415;20855710
4416;4781997
4417;9089288
4418;11415890
4419;24535660
4420;14728906
4421;13275482
4422;6251387
4423;18550120
4424;45092407
4425;14109189
4426;22190472
4427;8976691
4428;20844463
4429;8981757
4430;24815894
4431;11403933
4432;3030154
4433;9986008
4434;11541951
4435;2179312
4436;16801655
4437;15602912
4438;14359885
4439;21211233
4440;7489331
4441;23695520
4442;8912300
4443;15258104
4444;8084333
4445;19764507
4446;8433045
4447;18485419
4448;4894794
4449;17574097
4450;22230698
4451;22697062
4452;17908258
4453;11171986
4454;39096484
4455;7533012
4456;24352002
4457;7289993
4458;11500673
4459;15209445
4460;11303000
4461;13151528
4462;14856639
4463;30602726
4464;13288074
4465;23642521
4466;27106127
4467;15345991
4468;20884883
4469;14054095
4470;6831588
4471;11171863
4472;15308405
4473;3865711
4474;29499372
4475;7020888
4476;12457408
4477;7108502
4478;18914156
4479;13576008
4480;6810989
4481;17922178
4482;14900607
4483;22336446
4484;23538263
4485;19766225
4486;44215845
4487;19828661
4488;20699692
4489;23503470
4490;20656448
4491;24645871
4492;29568078
4493;4205632
4494;16658840
4495;28841555
4496;22366632
4497;16553248
4498;16583656
4499;19448737
4500;12902036
4501;34953115
4502;11783587
4503;19583173
4504;7764347
4505;2814735
4506;20334230
4507;23463432
4508;10746690
4509;14648934
4510;18391265
4511;15571404
4512;10332492
4513;19537313
4514;11724195
4515;44897757
4516;21360886
4517;17520955
4518;25215617
4519;16106823
4520;35813247
4521;22652581
4522;25387182
4523;23399483
4524;9425009
4525;25985429
4526;11167576
4527;11304042
4528;16522084
4529;31254497
4530;14276687
4531;9774350
4532;29431633
4533;29678784
4534;18738959
4535;36171855
4536;12855134
4537;19085535
4538;25889645
4539;7814241
4540;7855860
4541;12059172
4542;12919375
4543;3608341
4544;9985307
4545;10653679
4546;27410874
4547;22993611
4548;6703602
4549;14297889
4550;18048629
4551;6688734
4552;13147327
4553;6120396
4554;9330202
4555;14028210
4556;25758689
4557;23640011
4558;22599834
4559;27321435
4560;16629240
4561;26260582
4562;27562994
4563;23165919
4564;24355060
4565;8596144
4566;21682588
4567;17960542
4568;13434952
4569;18490015
4570;22453285
4571;16833680
4572;15618059
4573;19972656
4574;37451376
4575;21808484
4576;11348445
4577;26433540
4578;12933217
4579;11478906
4580;7287704
4581;11282200
4582;12680029
4583;10696497
4584;16333309
4585;7272034
4586;11679696
4587;10450361
4588;23818007
4589;15243803
4590;20186709
4591;7345489
4592;22419180
4593;27484385
4594;8886801
4595;16578558
4596;7623234
4597;23614074
4598;11697511
4599;15544829
4600;7070778
4601;9333351
4602;12273542
4603;33000141
4604;26824306
4605;20003456
4606;19853067
4607;20253966
4608;18610478
4609;14392892
4610;37981667
4611;17543760
4612;27490083
4613;3790742
4614;12723662
4615;30061013
4616;21685495
4617;13341276
4618;14131693
4619;21583155
4620;13912283
4621;9690550
4622;10593180
4623;23075448
4624;16283110
4625;12486041
4626;23615588
4627;37769773
4628;18748625
4629;6528829
4630;15455823
4631;34283931
4632;10771926
4633;12410989
4634;11796647
4635;25369933
4636;45182821
4637;22779705
4638;22170973
4639;28711426
4640;23211626
4641;24268126
4642;14570863
4643;7575511
4644;8206404
4645;32190400
4646;14058348
4647;14746806
4648;26593669
4649;21059557
4650;9710200
4651;15432533
4652;5954917
4653;23544775
4654;30437611
4655;22130206
4656;20130444
4657;19205285
4658;12308151
4659;24452646
4660;20136102
4661;7993835
4662;17964990
4663;16289456
4664;24185259
4665;10030850
4666;29862237
4667;12254458
4668;16854920
4669;10121043
4670;30389084
4671;15760317
4672;13290500
4673;9300965
4674;25447932
4675;20567371
4676;5905277
4677;15996133
4678;15480746
4679;11939686
4680;20701287
4681;20552736
4682;15893793
4683;23909859
4684;13057953
4685;4435440
4686;15274207
4687;7960950
4688;10920155
4689;19031033
4690;17829981
4691;39021578
4692;12160987
4693;21487695
4694;9882145
4695;26760340
4696;21565473
4697;6365186
4698;17243600
4699;31373915
4700;10135086
4701;13523780
4702;17574169
4703;7509030
4704;4352736
4705;23488575
4706;14928540
4707;9974810
4708;20433355
4709;28391891
4710;18470530
4711;13946847
4712;46995150
4713;6866675
4714;20872961
4715;21539485
4716;7254973
4717;18304120
4718;15366234
4719;6718002
4720;25002370
4721;15558021
4722;15806365
4723;12340282
4724;6610392
4725;10552227
4726;47610387
4727;22457596
4728;26602448
4729;16045197
4730;20230565
4731;12997965
4732;26213973
4733;30603123
4734;22369137
4735;9219386
4736;19532335
4737;7831726
4738;18997065
4739;32833628
4740;5300445
4741;5552979
4742;25664065
4743;25402277
4744;16036907
4745;5145765
4746;16872588
4747;13990726
4748;11388380
4749;31257951
4750;19722925
4751;16270634
4752;18386294
4753;6275032
4754;18122767
4755;31917230
4756;41874528
4757;27447144
4758;18245700
4759;29239955
4760;30977502
4761;12078627
4762;10112577
4763;14732145
4764;8723500
4765;46641200
4766;30934155
4767;21991930
4768;8353750
4769;27522957
4770;4507081
4771;12040886
4772;9859252
4773;31803579
4774;25685810
4775;7775833
4776;8986041
4777;18408946
4778;31989308
4779;14865180
4780;20475726
4781;22308739
4782;16227975
4783;21944023
4784;27071678
4785;15811607
4786;12173454
4787;23097244
4788;22684933
4789;17715444
4790;13703406
4791;28230518
4792;15657379
4793;27158840
4794;28871127
4795;8116689
4796;11216821
4797;11208942
4798;28170273
4799;8211275
4800;13066285
4801;7406807
4802;15047594
4803;8618772
4804;22592116
4805;27266438
4806;20692927
4807;13285661
4808;12683568
4809;18942593
4810;18208089
4811;6887938
4812;11348382
4813;34477486
4814;9721722
4815;14278475
4816;13761648
4817;6615685
4818;22036311
4819;11675142
4820;12651132
4821;20892227
4822;18956348
4823;16718996
4824;13525555
4825;36385871
4826;39643877
4827;27417053
4828;13207083
4829;16295351
4830;9320479
4831;19956743
4832;29366357
4833;17640786
4834;9996085
4835;20547004
4836;13018426
4837;11483165
4838;7589689
4839;12054432
4840;11537558
4841;19991569
4842;10463133
4843;25571292
4844;15998695
4845;7277663
4846;14514431
4847;11780105
4848;13695204
4849;22903281
4850;22197748
4851;15624139
4852;31828869
4853;10875960
4854;24939802
4855;42028732
4856;22688897
4857;28022941
4858;9917747
4859;23459200
4860;12968646
4861;16873630
4862;10982862
4863;23444971
4864;22359424
4865;14383302
4866;32706489
4867;15967515
4868;13456266
4869;28769976
4870;19043472
4871;10913331
4872;21322411
4873;14277689
4874;12437330
4875;11439009
4876;13016306
4877;21639551
4878;40946014
4879;14527090
4880;15276687
4881;19632909
4882;8622550
4883;17574724
4884;9367298
4885;7732716
4886;11652864
4887;10828582
4888;31751285
4889;15675056
4890;28811438
4891;25779717
4892;13756718
4893;16230994
4894;17439089
4895;12097126
4896;12718051
4897;11784694
4898;10910308
4899;16269395
4900;16240934
4901;23730250
4902;16677273
4903;8264500
4904;18725186
4905;17887407
4906;9628030
4907;8569146
4908;22373568
4909;10886540
4910;13267323
4911;8759420
4912;15995118
4913;10255456
4914;24870468
4915;12626422
4916;17186344
4917;12388629
4918;13736966
4919;29295042
4920;9444255
4921;19568446
4922;10201357
4923;8469729
4924;10854814
4925;16856065
4926;27997130
4927;19884253
4928;9929378
4929;5426749
4930;8732143
4931;27245563
4932;21331638
4933;9464665
4934;11350957
4935;25350241
4936;19600867
4937;27327412
4938;26899577
4939;7758445
4940;15059945
4941;14030862
4942;15232002
4943;7878419
4944;13727436
4945;485093
4946;39630805
4947;25051390
4948;9735078
4949;25301235
4950;30672936
4951;18951430
4952;24529051
4953;12988538
4954;7521379
4955;2725700
4956;4942038
4957;30339340
4958;9458893
4959;3986689
4960;6874787
4961;8950317
4962;21047395
4963;14465214
4964;24070890
4965;10719536
4966;26247482
4967;31636416
4968;16413702
4969;7610121
4970;38399723
4971;23307452
4972;10744109
4973;22596700
4974;19540254
4975;6929508
4976;45416151
4977;22045683
4978;15281802
4979;12586136
4980;5431704
4981;10321912
4982;7066453
4983;20197892
4984;10756273
4985;14976289
4986;20141314
4987;12482981
4988;4984216
4989;13840147
4990;21134673
4991;24895483
4992;19577335
4993;10646510
4994;20769632
4995;13267911
4996;6252344
4997;13610238
4998;6244479
4999;15343779
