0;366964
1;869071
2;664653
3;1222595
4;938612
5;1005644
6;2018724
7;1370221
8;2771733
9;1262942
10;4342569
11;1553233
12;535072
13;5221804
14;2117916
15;1775506
16;5485404
17;2211118
18;3121196
19;1171345
20;2711928
21;1872772
22;2852342
23;1942616
24;3986146
25;4553464
26;5038133
27;3910596
28;2768383
29;4409299
30;3741855
31;4230431
32;6645698
33;3379226
34;6610975
35;5909384
36;4332848
37;6758714
38;3372401
39;4755637
40;5632543
41;5169781
42;7923640
43;5504413
44;5694471
45;8205001
46;5394978
47;5915139
48;5220458
49;6316942
50;4759296
51;5284985
52;7274910
53;6357887
54;7770556
55;5220632
56;7578715
57;6982536
58;7869152
59;7384230
60;7053524
61;6128621
62;10454088
63;6473331
64;5721516
65;5108579
66;5446013
67;11095753
68;6546108
69;8091275
70;4412023
71;7544998
72;7264209
73;7360224
74;7445916
75;6998204
76;9157102
77;9149752
78;8983242
79;9611873
80;8087937
81;5699794
82;10373938
83;11084136
84;13613947
85;10392015
86;10486462
87;12287560
88;9999373
89;13256705
90;10990422
91;10133864
92;9580030
93;10649061
94;13192282
95;13187132
96;10036624
97;10868610
98;8999846
99;14680325
100;9715713
101;9852397
102;11096577
103;11948184
104;14339966
105;11862505
106;20044559
107;11232165
108;14932614
109;9766697
110;15589615
111;12240235
112;14293443
113;16273059
114;10013480
115;11488549
116;12251124
117;16096991
118;13055981
119;14004896
120;12292868
121;16523656
122;12830723
123;18935058
124;11174340
125;14018914
126;13996766
127;18314339
128;17677279
129;14258553
130;16619984
131;12928667
132;18707354
133;15644243
134;12864702
135;17012425
136;15542818
137;18581342
138;17191317
139;12773383
140;14435356
141;14718100
142;16412745
143;18854151
144;17130373
145;15814350
146;17001901
147;19947952
148;12619299
149;10110140
150;17229895
151;14969777
152;20246372
153;12199502
154;16171461
155;17838917
156;20067313
157;22222784
158;16635562
159;18205043
160;15314529
161;11399990
162;16858898
163;17056404
164;17379541
165;19565698
166;16664553
167;22214991
168;21009648
169;20355279
170;27395166
171;21545715
172;21213991
173;19314777
174;21900757
175;19430508
176;19992944
177;20314329
178;18450230
179;22633096
180;30026023
181;18494781
182;27919266
183;21436215
184;19287929
185;20911068
186;22174792
187;24373479
188;14825331
189;18795777
190;22907658
191;18788364
192;28859770
193;21520160
194;19812409
195;19007984
196;19404904
197;23622246
198;20352991
199;23319319
200;23443336
201;22459176
202;21479849
203;21536505
204;22656207
205;24447129
206;34560605
207;27676036
208;17876648
209;33051432
210;29248839
211;28854847
212;26103442
213;29036326
214;23671440
215;19454469
216;26854797
217;27935939
218;23957912
219;24888096
220;27098663
221;24309454
222;25165314
223;27964936
224;43666937
225;34492311
226;27019146
227;23304110
228;25556868
229;28977697
230;26455568
231;21698284
232;26322534
233;29183412
234;28410211
235;33450162
236;26869906
237;29905111
238;34858828
239;26219109
240;24420758
241;27768188
242;22830339
243;23480707
244;37899984
245;31544382
246;27700092
247;19034569
248;39017729
249;37416573
250;24937156
251;26587684
252;45391622
253;25224136
254;28082830
255;27678468
256;23961289
257;28727874
258;29324504
259;30159472
260;33161611
261;37962767
262;33307386
263;24050172
264;33619304
265;37965302
266;33062623
267;27139978
268;33481521
269;34825397
270;29658355
271;44911058
272;37000704
273;33713805
274;45113464
275;42274631
276;46968922
277;37540005
278;38361516
279;43448714
280;45631992
281;45360128
282;30340006
283;31794700
284;44930457
285;35912955
286;32050880
287;34599703
288;39171782
289;42924819
290;57941288
291;38811777
292;57081125
293;32336902
294;37920461
295;37065496
296;42530310
297;40645620
298;41517209
299;38069632
300;46283501
301;60686080
302;57748239
303;30473878
304;49339128
305;44842330
306;42907271
307;36233443
308;90805459
309;36813985
310;46752554
311;47453030
312;51335037
313;33577013
314;43702040
315;34259122
316;39560131
317;44487816
318;48745960
319;76458140
320;52097463
321;61157000
322;48508700
323;37533245
324;85286583
325;45303427
326;44394108
327;58748760
328;48861046
329;32775457
330;66026154
331;44609881
332;49519009
333;61406757
334;36043647
335;42766022
336;53067688
337;75313673
338;46708469
339;41363508
340;49499086
341;59575319
342;52438539
343;61040963
344;68193297
345;55310460
346;46153845
347;48111812
348;35780952
349;56270258
350;66932026
351;50815946
352;76597212
353;34678126
354;60919071
355;61008142
356;48607863
357;63510984
358;45532716
359;82948058
360;74233792
361;35569549
362;68664934
363;84415471
364;58344939
365;56280809
366;49389313
367;63571602
368;50443811
369;43754424
370;74220406
371;54307788
372;34749167
373;69782859
374;42118340
375;63258192
376;79381043
377;85253656
378;40712652
379;35495700
380;90049829
381;102381379
382;41002783
383;72129107
384;92327743
385;55961771
386;41669651
387;108000501
388;82743076
389;39179815
390;75506595
391;73427640
392;52266933
393;41806203
394;75703527
395;74201538
396;43492569
397;48057083
398;51208967
399;81284544
400;39940037
401;46380684
402;72634819
403;57661793
404;55202208
405;84023146
406;53528850
407;55360023
408;55422781
409;62731239
410;81982781
411;72284576
412;51178607
413;42102836
414;62388930
415;44097249
416;82998172
417;65366466
418;73247251
419;51980373
420;84236033
421;80494744
422;134408747
423;86438327
424;64098388
425;73158184
426;129443783
427;97623303
428;95822340
429;61498230
430;75198688
431;89273280
432;65655408
433;46775959
434;68174632
435;103028971
436;42252222
437;94058731
438;91339590
439;102809332
440;104938322
441;69510867
442;47977730
443;72027823
444;91520254
445;59176111
446;79398437
447;73703460
448;57994558
449;86234774
450;50109108
451;60161960
452;123012142
453;62987028
454;64859589
455;71900663
456;52561678
457;59005665
458;76584795
459;83444135
460;84722005
461;141847133
462;87067409
463;47186736
464;51861038
465;77731526
466;91335888
467;51105822
468;52393936
469;74638053
470;44843367
471;69491839
472;113023744
473;61137410
474;59076158
475;69930207
476;81218535
477;45468685
478;100462698
479;95812991
480;93116790
481;94040859
482;49712481
483;74618986
484;95654626
485;97815012
486;74173828
487;111876130
488;70476910
489;47188620
490;84054812
491;74653178
492;94888812
493;58873634
494;52337183
495;96144208
496;59831773
497;77790380
498;71098588
499;64340715
