0;12260
1;11900
2;11957
3;3173220
4;11966
5;3199088
6;3168423
7;3430685
8;12282
9;14761
10;10478
11;17692
12;2535841
13;12923
14;13050
15;2524700
16;12428
17;10800
18;10614
19;11500
20;12421
21;11089
22;2483222
23;11686
24;11744
25;3541908
26;11878
27;13345
28;11957
29;12455
30;5310004
31;3495245
32;6675925
33;11715
34;2203888
35;11785
36;11988
37;3107600
38;12532
39;3020828
40;12642
41;1997100
42;12434
43;11579
44;4073886
45;10922
46;10962
47;2074029
48;10986
49;11466
50;11035
51;18325
52;11204
53;11080
54;13147
55;11375
56;11774
57;4009250
58;12354
59;2169951
60;11391
61;9771
62;11468
63;16504
64;3021581
65;11889340
66;13240
67;12200
68;10908
69;11072
70;2353533
71;9880
72;11053
73;12952
74;11376
75;11618
76;9766
77;1237500
78;11312
79;10988
80;1664948
81;12131
82;11565
83;10532
84;3414603
85;10946
86;3616731
87;3020776
88;2099982
89;10738
90;17246
91;2406238
92;2236376
93;9644
94;10731
95;5197620
96;5804763
97;11660
98;10672
99;12259
100;10531
101;11420
102;11477
103;3833656
104;10050
105;8209752
106;3410156
107;11328
108;2478872
109;11213
110;2242767
111;11391
112;2189440
113;13012
114;12851
115;10978
116;2988517
117;1492633
118;6706919
119;11628
120;10893
121;11785
122;15518
123;11871
124;3597138
125;3676827
126;4636582
127;2370629
128;2477637
129;10017829
130;2312255
131;5303530
132;12210
133;5322565
134;2626780
135;2937400
136;2199768
137;5200406
138;3522979
139;6299211
140;9400
141;3103028
142;11585
143;11815
144;7371676
145;11505
146;2867944
147;3664809
148;3346188
149;5290359
150;13000
151;3174688
152;2954423
153;2949895
154;10791
155;3383905
156;3522115
157;12820
158;2691838
159;11015
160;9735
161;12984
162;11409
163;10122
164;12462
165;3552911
166;2884771
167;6307961
168;11813
169;3503457
170;3909984
171;11850
172;1857107
173;5417295
174;2837447
175;12266
176;9715926
177;2626644
178;2936321
179;12004
180;11200
181;6154331
182;2569077
183;11093
184;3117110
185;2376404
186;11905
187;4253870
188;12525
189;2242400
190;2069050
191;10733
192;6614704
193;4469300
194;11822
195;2791542
196;11893
197;2353338
198;17321
199;12135
200;2638157
201;2111396
202;5829945
203;12473
204;3103330
205;3127627
206;3138542
207;2838682
208;11336
209;2522814
210;10209745
211;12403
212;5667291
213;11479
214;11355
215;12518
216;2365640
217;4437353
218;2504200
219;12323
220;3847920
221;12955
222;11762
223;4684104
224;5676808
225;2644595
226;6981121
227;3161926
228;6361614
229;2964468
230;12600
231;2012450
232;3835730
233;3550782
234;3023600
235;7755765
236;2762441
237;3433563
238;5368509
239;10866
240;2995741
241;7187828
242;2378057
243;7464534
244;4977236
245;11516
246;11220
247;11586
248;10311
249;4169337
250;7317683
251;2255473
252;2695919
253;12238
254;4961315
255;4807968
256;11815
257;14065235
258;7167160
259;3064940
260;3749814
261;11416
262;6969336
263;7418893
264;5329447
265;11740
266;1841165
267;10180
268;5946763
269;11191
270;6526281
271;4674887
272;4835583
273;6764073
274;10544
275;12330
276;2364047
277;11510
278;2927125
279;2641727
280;4150920
281;11815
282;2815611
283;6580727
284;4454095
285;1852173
286;12150
287;11213
288;5231776
289;10704
290;12945328
291;12921
292;2831588
293;5991289
294;4859142
295;2842335
296;16890
297;4068581
298;10644
299;3366773
300;6211378
301;10658
302;6766775
303;2925745
304;5083354
305;2139208
306;6024164
307;4899196
308;8532683
309;12295
310;3477170
311;11680
312;11218
313;3423757
314;4861657
315;3443468
316;8801759
317;10176
318;9956864
319;12295237
320;11090
321;11855
322;5378414
323;8556263
324;5710230
325;6904441
326;11057
327;8000057
328;4336404
329;4930192
330;4303691
331;4110134
332;11794
333;14550463
334;11851
335;1432378
336;10147
337;6182593
338;12503
339;6977482
340;5011426
341;5328351
342;2839083
343;4197015
344;13538
345;1614430
346;14570521
347;5994204
348;4765554
349;4223661
350;6800722
351;3041025
352;5101431
353;2531675
354;13783325
355;2268032
356;3070727
357;5514555
358;3695557
359;11605
360;12423
361;10662657
362;10423
363;13665
364;6871084
365;9538413
366;17540983
367;6600644
368;9279268
369;4251065
370;13275
371;7061626
372;13660
373;2421291
374;2585973
375;3750362
376;4282482
377;4814442
378;5878965
379;6686010
380;11731617
381;3641443
382;3151614
383;14282343
384;4711470
385;6885212
386;2078875
387;11700
388;3777028
389;2404145
390;10605500
391;7306906
392;11181
393;4412612
394;3142812
395;11491
396;11316953
397;5877456
398;2336954
399;5734423
400;2018987
401;12948
402;3770890
403;11166
404;18088639
405;4747550
406;10900
407;10634221
408;18100
409;3212650
410;7006937
411;3488433
412;9467216
413;11711
414;1786748
415;11530341
416;2379604
417;7221033
418;9850400
419;6652918
420;12347878
421;4495254
422;2914783
423;4348629
424;5411950
425;10350
426;8687236
427;8690111
428;5316338
429;11223
430;11638
431;6476657
432;6931488
433;3871370
434;2886322
435;3350844
436;15056
437;12545475
438;12471
439;11373800
440;7421000
441;11842
442;11768
443;4592664
444;11710
445;1792572
446;7428377
447;2673170
448;11212
449;4466346
450;4252157
451;14786
452;8657614
453;8683176
454;4965740
455;5538817
456;5586804
457;4529225
458;7245042
459;2525533
460;6057296
461;2248359
462;10498009
463;14546
464;4215957
465;2187261
466;5202503
467;13215250
468;11114304
469;10650
470;7953286
471;10261
472;2880741
473;7792731
474;2445336
475;11455
476;4674629
477;12436
478;9390258
479;5232265
480;16109038
481;4970842
482;7049709
483;3511972
484;14354410
485;11553
486;2414915
487;13148
488;5269130
489;11547
490;13755205
491;11886
492;9990155
493;4130100
494;13918
495;6840020
496;3329035
497;2608412
498;7213952
499;2646781
500;8625380
501;11572
502;10617184
503;6236844
504;6318276
505;7913433
506;8910853
507;13075
508;10375739
509;4130950
510;4926884
511;7271186
512;8658831
513;6941380
514;9453837
515;6132830
516;14751340
517;3666262
518;6671031
519;5484870
520;13219342
521;17327111
522;3563275
523;12616
524;2545939
525;6254580
526;13011
527;11359
528;4828092
529;11374442
530;11333113
531;10971906
532;4531009
533;2304152
534;6303890
535;23569729
536;9178833
537;10345
538;3885244
539;2141765
540;6908652
541;17270
542;3837403
543;4431006
544;1810689
545;9097945
546;12839079
547;8673764
548;8293420
549;7301108
550;4752350
551;4638686
552;15888
553;13021
554;4064664
555;11962
556;1741494
557;8594500
558;7689393
559;4227766
560;3197529
561;2405038
562;1534585
563;8045195
564;7257575
565;8253781
566;19904804
567;5932929
568;4289562
569;7123408
570;3185484
571;9836914
572;13331
573;4987790
574;2339930
575;5215776
576;13852108
577;6305611
578;2860752
579;2096029
580;10855280
581;6850129
582;6755526
583;11653
584;8147994
585;10582600
586;5818438
587;4939395
588;4581295
589;7193900
590;9058233
591;4665412
592;6952923
593;7870970
594;9779856
595;2769383
596;11612
597;6013204
598;3360590
599;6141965
600;10475400
601;8147866
602;6977712
603;15290544
604;5143866
605;6738781
606;13953158
607;9048618
608;12847
609;11400
610;9196926
611;5676790
612;7839985
613;11708321
614;2891855
615;7638335
616;6884808
617;6537184
618;11533
619;9576418
620;10985988
621;4891256
622;10709034
623;7692113
624;3143568
625;3729709
626;12538695
627;6370850
628;11690
629;6338205
630;15081880
631;3623150
632;6432330
633;10834306
634;1727556
635;11607208
636;10987037
637;4045750
638;13643196
639;4083057
640;2607038
641;10044947
642;9845133
643;12544521
644;12165750
645;5668084
646;9834011
647;5993068
648;7265300
649;14462272
650;3614250
651;2319820
652;2230282
653;15367042
654;14453200
655;5090823
656;9793
657;7771452
658;11068
659;6633113
660;9516033
661;4378319
662;9129038
663;12068312
664;3197076
665;13178424
666;12460195
667;8769980
668;7011403
669;11950
670;15580695
671;28390683
672;4915575
673;6773211
674;5651039
675;15634847
676;5313945
677;13366
678;6723639
679;4212612
680;4396438
681;8237179
682;12138888
683;8897020
684;7153437
685;5759538
686;7980666
687;11264509
688;12543592
689;4201958
690;2605340
691;21928403
692;10169075
693;3942300
694;13123270
695;10272605
696;5653513
697;5527918
698;8417808
699;13273931
700;10194165
701;2733921
702;10241148
703;6725316
704;11987
705;5562745
706;2783263
707;6873493
708;15718370
709;13057861
710;3738735
711;3905462
712;10307350
713;4431944
714;2383976
715;6062263
716;11796660
717;18537030
718;6461019
719;8392140
720;4024087
721;4794400
722;16922
723;19861700
724;10423
725;4055065
726;4630690
727;11247018
728;6580300
729;11579225
730;2398400
731;5222745
732;10534466
733;7281145
734;12007205
735;11831
736;12223681
737;6984154
738;3233338
739;5979808
740;6608847
741;11669
742;3114310
743;6558882
744;8152992
745;2315900
746;7650318
747;4131684
748;10773
749;8572913
750;11495771
751;6813080
752;6525033
753;12832568
754;5886615
755;4901769
756;8181666
757;10807411
758;5045190
759;5736500
760;17077947
761;9393064
762;3048840
763;4738982
764;8616638
765;9629447
766;12498600
767;26031426
768;8688020
769;13995675
770;9771447
771;3051080
772;4888052
773;10222571
774;19792966
775;4136719
776;16741
777;21934933
778;13923322
779;4944323
780;5333212
781;9198088
782;7994160
783;23378775
784;18115000
785;14359836
786;11463
787;9471573
788;12747307
789;14135452
790;5734621
791;12665673
792;4608677
793;9994900
794;9178605
795;4386600
796;19967486
797;5656152
798;3178960
799;14337566
800;7707200
801;6167080
802;11390
803;12063151
804;8787475
805;20237983
806;15428929
807;17165545
808;16509
809;7890994
810;13516155
811;4089392
812;11716972
813;5981752
814;15370469
815;7307272
816;11528876
817;7122700
818;4624675
819;4244368
820;22677892
821;9113128
822;4320930
823;12323616
824;11566
825;22409984
826;3754406
827;8235640
828;5896263
829;11726230
830;4634688
831;12635140
832;6122064
833;12656576
834;11175
835;3942243
836;11610
837;17301235
838;17111279
839;13500457
840;8927914
841;10836
842;14853296
843;5337600
844;11152
845;14911466
846;4405054
847;2700608
848;13974828
849;10692156
850;12105894
851;18353734
852;13993491
853;15076600
854;17574470
855;10380293
856;7646662
857;10263296
858;5356052
859;13120788
860;13754340
861;2557342
862;10523
863;11822320
864;12405861
865;13101732
866;10073964
867;14071169
868;7179160
869;13036805
870;4058820
871;12802521
872;4619044
873;5428720
874;16394962
875;14316644
876;4883556
877;10272785
878;10277475
879;4474850
880;5347755
881;13917500
882;5285656
883;16887986
884;9029685
885;19822888
886;13873125
887;12611714
888;13220457
889;7495700
890;5280108
891;24154500
892;24699173
893;12348109
894;14974773
895;9154556
896;4327519
897;6856223
898;8921868
899;11847794
900;9288331
901;3401981
902;5092045
903;5459223
904;9970482
905;24948293
906;10228313
907;3036841
908;11019233
909;13742090
910;7763721
911;3677084
912;15556309
913;10329675
914;9248402
915;13111403
916;5045057
917;4153826
918;23324847
919;9718557
920;11958470
921;18788370
922;4167221
923;7846912
924;13855
925;10806554
926;8386038
927;16049780
928;9718720
929;10233
930;20793392
931;5383027
932;9326591
933;20153894
934;7705531
935;11750
936;15355387
937;17142486
938;7563877
939;15235661
940;12045470
941;11216665
942;16717357
943;8624278
944;17103353
945;10307136
946;4592612
947;5191841
948;8341009
949;17026563
950;16643873
951;6694326
952;15038071
953;4999272
954;11852945
955;18933364
956;20727473
957;16003705
958;12286195
959;5112926
960;9172392
961;14120544
962;8838662
963;13646080
964;3195326
965;7144928
966;30103857
967;14381709
968;2478773
969;4022643
970;7781443
971;5153304
972;19063417
973;14157556
974;10689967
975;10688429
976;11161668
977;5483725
978;18141205
979;10281152
980;16408195
981;13056029
982;15246536
983;12372368
984;11772965
985;18851350
986;15270557
987;22356338
988;11847
989;10874031
990;9151637
991;17424277
992;7980707
993;14202270
994;6974469
995;1679212
996;9311766
997;4216316
998;13006012
999;13007772
1000;12697204
1001;5616280
1002;7912638
1003;12553939
1004;10274944
1005;5468204
1006;12924828
1007;8634796
1008;17893523
1009;6530196
1010;19406178
1011;18504870
1012;4320308
1013;11427442
1014;11715525
1015;13611926
1016;10872180
1017;13431
1018;5480460
1019;14626247
1020;7128547
1021;10890221
1022;13804363
1023;20719128
1024;16999555
1025;10516252
1026;10588744
1027;15204004
1028;17479309
1029;12560578
1030;14467184
1031;6588435
1032;11280892
1033;13169204
1034;13001866
1035;13048582
1036;12510547
1037;2866477
1038;7287014
1039;13343343
1040;23233536
1041;10253681
1042;25035114
1043;18563430
1044;18710585
1045;11358322
1046;9101518
1047;7637365
1048;16219150
1049;5061047
1050;10684718
1051;14108072
1052;6555688
1053;3487680
1054;20171107
1055;32390742
1056;8546353
1057;15829550
1058;7501646
1059;3100121
1060;11054354
1061;18899452
1062;13612745
1063;17285953
1064;9937150
1065;10483878
1066;10080875
1067;3143121
1068;14865376
1069;5722077
1070;9624277
1071;22162320
1072;10907584
1073;3926152
1074;21309700
1075;24980864
1076;7765757
1077;9353847
1078;12428975
1079;8333221
1080;14273022
1081;9231547
1082;23862778
1083;11297500
1084;19945493
1085;11629500
1086;15580742
1087;12062887
1088;1818821
1089;9101560
1090;5176680
1091;12751659
1092;3335789
1093;11926529
1094;12658735
1095;10218867
1096;14510260
1097;21572955
1098;6571465
1099;5490013
1100;16811864
1101;14611041
1102;9965356
1103;17335980
1104;11984766
1105;9423404
1106;3725270
1107;6769168
1108;16405294
1109;6378741
1110;4671130
1111;7636031
1112;10649821
1113;6027947
1114;14878900
1115;21988645
1116;8143557
1117;3905121
1118;3340663
1119;11941800
1120;7592273
1121;9626836
1122;8066622
1123;8933978
1124;10871
1125;4434304
1126;16563448
1127;33910003
1128;7075052
1129;7992796
1130;12950
1131;6505721
1132;5351300
1133;3161650
1134;21915742
1135;10707
1136;11270
1137;6796846
1138;8155971
1139;11598055
1140;20316225
1141;16342908
1142;20330978
1143;23771823
1144;3714483
1145;20661011
1146;8794338
1147;34747247
1148;1723360
1149;14483676
1150;18237419
1151;8674635
1152;21644594
1153;21132708
1154;21823756
1155;12651885
1156;2832935
1157;24474388
1158;13458164
1159;6401205
1160;2466850
1161;12412800
1162;8144368
1163;11769711
1164;17736611
1165;23084250
1166;20234320
1167;16887927
1168;28446486
1169;15896295
1170;2481103
1171;25722615
1172;21304457
1173;9156900
1174;30501940
1175;20069745
1176;7787473
1177;7839892
1178;14779336
1179;9935455
1180;15359226
1181;9812917
1182;10331826
1183;9394869
1184;24408695
1185;9629979
1186;15527111
1187;11549252
1188;7663751
1189;6600062
1190;16303831
1191;14397984
1192;4772291
1193;9829643
1194;13433037
1195;10229941
1196;13900420
1197;17708132
1198;10941057
1199;15295219
1200;8090642
1201;27873850
1202;20191275
1203;10276623
1204;4456662
1205;8148989
1206;11556895
1207;8102254
1208;13140618
1209;33079568
1210;11515687
1211;25170187
1212;9691605
1213;21857381
1214;29223073
1215;13190303
1216;17579460
1217;22993692
1218;15434413
1219;28085654
1220;12147189
1221;7613927
1222;15487082
1223;19036742
1224;20196222
1225;12996613
1226;12673252
1227;8388208
1228;24854061
1229;2171225
1230;28998945
1231;22275588
1232;10724335
1233;18995648
1234;18740666
1235;10121600
1236;16564914
1237;18724635
1238;19970304
1239;24368730
1240;13238271
1241;9382564
1242;20292957
1243;12311295
1244;13464625
1245;17907269
1246;15315855
1247;11712782
1248;27261345
1249;3127189
1250;3043164
1251;9835196
1252;17018384
1253;11598784
1254;2868644
1255;12771066
1256;11940425
1257;2951100
1258;14549533
1259;17696895
1260;13399900
1261;11829988
1262;9291561
1263;10032904
1264;8753459
1265;9018219
1266;22296047
1267;5469863
1268;5571951
1269;13193322
1270;4760822
1271;18589794
1272;30556124
1273;9959351
1274;16805194
1275;6797506
1276;16032445
1277;14978251
1278;13980248
1279;6034580
1280;17757658
1281;19368062
1282;8460344
1283;15959296
1284;6472105
1285;4424420
1286;20145511
1287;9526481
1288;20190170
1289;10068705
1290;14470400
1291;7739378
1292;9471972
1293;19106856
1294;9696000
1295;23138264
1296;10395676
1297;15877354
1298;9431585
1299;10172556
1300;16060050
1301;15766753
1302;17955709
1303;11013280
1304;6529870
1305;12362005
1306;13979666
1307;18191121
1308;14660700
1309;11490012
1310;6623980
1311;15681092
1312;17603703
1313;14789961
1314;23807073
1315;5018477
1316;14809958
1317;10697609
1318;6658707
1319;16985994
1320;8837668
1321;14544862
1322;10568106
1323;18486967
1324;2829670
1325;39964468
1326;12594927
1327;12943944
1328;9184634
1329;6504608
1330;17304804
1331;8472154
1332;15175173
1333;8592694
1334;3265681
1335;7417637
1336;21058063
1337;20628965
1338;11218023
1339;2761247
1340;13875060
1341;8346436
1342;8627271
1343;10537972
1344;6712677
1345;5311283
1346;10453775
1347;21533091
1348;8105057
1349;13497710
1350;17489450
1351;24054145
1352;11094163
1353;23854500
1354;13691841
1355;11717670
1356;11124729
1357;15287491
1358;10154196
1359;8317594
1360;8976526
1361;14882680
1362;12807175
1363;4993887
1364;5048009
1365;15591550
1366;18785104
1367;17298981
1368;16019817
1369;12416106
1370;16193988
1371;9607900
1372;18387877
1373;2936833
1374;23876364
1375;16361360
1376;13046629
1377;12007442
1378;14385633
1379;10433624
1380;6683044
1381;22356490
1382;8778212
1383;23472644
1384;2911066
1385;3727530
1386;14413552
1387;20822207
1388;12589645
1389;24483200
1390;15515353
1391;14359875
1392;9525603
1393;5590695
1394;7613993
1395;13482422
1396;17320436
1397;16294372
1398;11922221
1399;12526915
1400;5543427
1401;12335
1402;9359831
1403;21802300
1404;12140973
1405;16365421
1406;11797934
1407;6000917
1408;6793557
1409;6688500
1410;15960736
1411;29660584
1412;2880804
1413;18342804
1414;18006941
1415;11510880
1416;8389431
1417;21052106
1418;42664087
1419;14472195
1420;20085758
1421;21449148
1422;8388528
1423;6716964
1424;19447551
1425;18030369
1426;21056100
1427;17817690
1428;9270520
1429;6928518
1430;9884595
1431;12522675
1432;20998218
1433;14322468
1434;5727636
1435;48254714
1436;21385478
1437;17107923
1438;16492613
1439;14537800
1440;11874317
1441;10814237
1442;9886547
1443;11975663
1444;10621168
1445;20266860
1446;23232214
1447;10461347
1448;19069083
1449;7754030
1450;3561110
1451;14383409
1452;20892400
1453;15395566
1454;7188614
1455;10185994
1456;13017522
1457;12547800
1458;14880745
1459;9938050
1460;19974592
1461;23719585
1462;7261259
1463;9346952
1464;12685900
1465;8232800
1466;9966981
1467;21317416
1468;11738717
1469;16898821
1470;14779615
1471;13140540
1472;8703171
1473;12389817
1474;9401411
1475;15441552
1476;28038184
1477;30128155
1478;9897427
1479;14015478
1480;16184730
1481;26756864
1482;4516243
1483;11159950
1484;14516268
1485;12314431
1486;15002277
1487;21034225
1488;19841445
1489;9612093
1490;15817995
1491;11220320
1492;26968705
1493;18320000
1494;15502728
1495;19201264
1496;21839135
1497;18684325
1498;13261141
1499;9628126
1500;11279219
1501;19407881
1502;7652795
1503;4828380
1504;17248669
1505;11583235
1506;24689642
1507;6453116
1508;16465650
1509;15313600
1510;10587148
1511;5753195
1512;26229095
1513;17241511
1514;8909678
1515;13890012
1516;13801648
1517;9079415
1518;24876421
1519;15434960
1520;18991307
1521;25081066
1522;18389870
1523;11750648
1524;9441805
1525;13217560
1526;14161562
1527;18954391
1528;10949746
1529;5677135
1530;17265322
1531;11295064
1532;18062552
1533;4905157
1534;15116530
1535;36894655
1536;30575995
1537;16319294
1538;14549908
1539;17720031
1540;15145089
1541;11634281
1542;24142795
1543;17271240
1544;15989903
1545;18289300
1546;24835007
1547;12016880
1548;26751442
1549;13938640
1550;16017403
1551;25141742
1552;19961214
1553;16672255
1554;8020784
1555;17467485
1556;11157320
1557;13186804
1558;59878243
1559;30807725
1560;14279195
1561;21862872
1562;6673468
1563;7846144
1564;28394920
1565;15910043
1566;5195895
1567;11575937
1568;6395429
1569;24349387
1570;9825971
1571;28460683
1572;8455323
1573;14840778
1574;18875465
1575;20820413
1576;12944662
1577;16643016
1578;16316670
1579;22397170
1580;25726004
1581;5680988
1582;29447229
1583;23480520
1584;19954840
1585;18205100
1586;28239162
1587;7481717
1588;15147933
1589;6479666
1590;10583125
1591;17469027
1592;6826352
1593;14027304
1594;18939315
1595;21466643
1596;26802736
1597;15463972
1598;15902231
1599;26079517
1600;17816305
1601;15003873
1602;16900826
1603;23352726
1604;4112741
1605;20615390
1606;19401227
1607;21566520
1608;16751808
1609;19715562
1610;14177296
1611;16791735
1612;20546373
1613;25961058
1614;24470205
1615;11383173
1616;24929454
1617;22920164
1618;12631903
1619;4409153
1620;12724252
1621;20861016
1622;13387758
1623;4984276
1624;10629182
1625;13333370
1626;15848791
1627;19485170
1628;4930190
1629;20639751
1630;19019289
1631;12972612
1632;20425240
1633;13627459
1634;34604764
1635;9499047
1636;15110311
1637;17163673
1638;30755485
1639;20655181
1640;17886648
1641;21578400
1642;15627243
1643;16615948
1644;4495058
1645;7357148
1646;2947460
1647;36513973
1648;17694233
1649;19150968
1650;17097765
1651;14890758
1652;11184941
1653;14869695
1654;6733857
1655;29063895
1656;5785781
1657;13674650
1658;28806225
1659;42371152
1660;21073050
1661;15296033
1662;13972809
1663;6646570
1664;18426522
1665;14847036
1666;27629452
1667;6278985
1668;14906720
1669;13936623
1670;31292792
1671;18413950
1672;10785465
1673;30691962
1674;20088389
1675;17116634
1676;25401120
1677;10507814
1678;25354575
1679;15791028
1680;23866565
1681;24767186
1682;13740876
1683;16219440
1684;16946950
1685;26582320
1686;18551340
1687;16971532
1688;15385181
1689;22112437
1690;18285600
1691;4542976
1692;21222291
1693;16154958
1694;14050744
1695;21212862
1696;14767073
1697;15401413
1698;22623690
1699;10159231
1700;15344400
1701;26516664
1702;22034872
1703;44686156
1704;16277244
1705;17287296
1706;17532424
1707;14213190
1708;13010469
1709;10542492
1710;9967732
1711;24184800
1712;19668692
1713;9429016
1714;33015558
1715;24136292
1716;10919800
1717;8601366
1718;11041475
1719;16930976
1720;23002781
1721;18695122
1722;24769010
1723;23169996
1724;11374533
1725;16274940
1726;16388019
1727;30051818
1728;15670363
1729;18182296
1730;25116413
1731;11947129
1732;20560318
1733;23220673
1734;18568957
1735;10932185
1736;19291656
1737;22859992
1738;13921955
1739;22537862
1740;6193017
1741;9007724
1742;15348678
1743;8601007
1744;31713345
1745;19068118
1746;22492381
1747;13108048
1748;20332809
1749;9068569
1750;17480524
1751;42225100
1752;29988681
1753;14353305
1754;21631090
1755;7158736
1756;13735866
1757;15070768
1758;23911162
1759;14956846
1760;15898541
1761;22911527
1762;10605620
1763;11249836
1764;18098728
1765;24328648
1766;14164508
1767;8519100
1768;13325071
1769;22213540
1770;24473309
1771;17988655
1772;17360980
1773;32114680
1774;15464134
1775;17295396
1776;15224406
1777;12556550
1778;13001900
1779;23022529
1780;24035240
1781;16109427
1782;46133652
1783;15152900
1784;23613769
1785;10092191
1786;11322458
1787;17370020
1788;33518767
1789;20995562
1790;4987377
1791;23400615
1792;4360146
1793;37354583
1794;15435586
1795;20969542
1796;20901629
1797;18432378
1798;16056318
1799;14950332
1800;21867244
1801;39300341
1802;19762300
1803;12987670
1804;14678131
1805;16426076
1806;13238740
1807;15235014
1808;14642608
1809;23380793
1810;12685290
1811;23690740
1812;18639684
1813;8928204
1814;15891200
1815;21930159
1816;19306341
1817;17953003
1818;19687203
1819;16951080
1820;22991926
1821;19590657
1822;40335527
1823;22355225
1824;16466451
1825;19611716
1826;34812804
1827;7673860
1828;8243366
1829;12298850
1830;5120604
1831;18001113
1832;58904105
1833;11752223
1834;23496772
1835;21781438
1836;9327516
1837;22304795
1838;9660462
1839;12294606
1840;17046505
1841;7393753
1842;26366053
1843;18977050
1844;20419380
1845;7466645
1846;24094575
1847;12336127
1848;19587476
1849;16301077
1850;14346230
1851;19373780
1852;16025348
1853;10530733
1854;16227787
1855;13569352
1856;23167870
1857;20946912
1858;26754320
1859;12606489
1860;19984576
1861;6185184
1862;21561253
1863;15370437
1864;21543604
1865;28055872
1866;23701895
1867;32011022
1868;9247558
1869;30835040
1870;33027540
1871;13864515
1872;12427177
1873;25885482
1874;11692354
1875;43069168
1876;17635788
1877;28739471
1878;7284950
1879;15076683
1880;28498962
1881;17040515
1882;15743266
1883;17485760
1884;26920431
1885;18322526
1886;20603554
1887;26740872
1888;32511250
1889;21113664
1890;26447932
1891;45922414
1892;17753578
1893;17174362
1894;14192963
1895;19989242
1896;6516131
1897;24942566
1898;27763104
1899;38045759
1900;43140182
1901;23372985
1902;12530652
1903;16363416
1904;19903350
1905;18720639
1906;17831723
1907;11543230
1908;35399373
1909;3032238
1910;30850288
1911;11554518
1912;6428933
1913;12422257
1914;18278129
1915;17441410
1916;23152706
1917;21371311
1918;21405765
1919;22510994
1920;17589592
1921;15226670
1922;22370463
1923;15213436
1924;10980262
1925;16893808
1926;21047048
1927;45418360
1928;14819410
1929;13648788
1930;31669523
1931;6078180
1932;23886082
1933;12920191
1934;24691510
1935;20665472
1936;14461775
1937;29243870
1938;13125361
1939;43215752
1940;63190082
1941;24257375
1942;18965744
1943;16918183
1944;14749910
1945;30305570
1946;32947170
1947;8838647
1948;20273923
1949;20204486
1950;21077950
1951;20823837
1952;26792472
1953;30876295
1954;7958103
1955;24546760
1956;6377235
1957;15868021
1958;35014462
1959;21957304
1960;27845765
1961;23153577
1962;18573972
1963;27880223
1964;14498494
1965;13595104
1966;31466935
1967;23184600
1968;17937052
1969;25110670
1970;13376369
1971;17864712
1972;13766158
1973;24035333
1974;23924762
1975;32016572
1976;40304800
1977;15899721
1978;31760985
1979;27235694
1980;20064346
1981;17395975
1982;14502880
1983;14406538
1984;26774026
1985;19290495
1986;23590270
1987;32436235
1988;12579924
1989;26521852
1990;13738400
1991;25440895
1992;10162692
1993;18740209
1994;55411342
1995;40403020
1996;13212361
1997;20010355
1998;36534505
1999;53001035
2000;11738818
2001;31036114
2002;22153941
2003;15422069
2004;13652720
2005;19127685
2006;15974852
2007;23515096
2008;21966870
2009;12507822
2010;23625032
2011;13118560
2012;21734779
2013;17628574
2014;40654208
2015;3635005
2016;21316714
2017;22633596
2018;21613572
2019;22747588
2020;21291590
2021;26848625
2022;12911142
2023;10094471
2024;21854400
2025;25790886
2026;26314145
2027;20320380
2028;16648509
2029;28950593
2030;25629070
2031;7616927
2032;20181281
2033;17101150
2034;20091913
2035;18498218
2036;30024040
2037;14688712
2038;18648308
2039;9415958
2040;16489777
2041;11706608
2042;23163221
2043;17338591
2044;18728217
2045;28273963
2046;29416827
2047;28325416
2048;19808995
2049;26022462
2050;24889836
2051;32054325
2052;25424563
2053;29344566
2054;10791041
2055;21908745
2056;19434505
2057;22680809
2058;16901784
2059;25252096
2060;15884534
2061;12507770
2062;7079153
2063;33452513
2064;15088309
2065;16350495
2066;26452293
2067;17503389
2068;34057275
2069;11920515
2070;4864296
2071;16903586
2072;11950705
2073;18413442
2074;51323764
2075;30761369
2076;27246261
2077;22215218
2078;18884026
2079;32620341
2080;23854425
2081;14383200
2082;26537825
2083;6353277
2084;25813931
2085;30926784
2086;14311475
2087;26143635
2088;11969810
2089;22222333
2090;34201192
2091;17284784
2092;24829996
2093;20922903
2094;34116003
2095;18334585
2096;20309978
2097;24154300
2098;8980964
2099;23905909
2100;39043877
2101;21539105
2102;22598672
2103;34688540
2104;23320083
2105;22373629
2106;20139163
2107;14275375
2108;26232978
2109;19254747
2110;27451300
2111;21262028
2112;16985596
2113;26382333
2114;27474488
2115;13169395
2116;8626907
2117;25614550
2118;30711137
2119;66697227
2120;17152642
2121;14936189
2122;22243073
2123;26312046
2124;19409224
2125;27208212
2126;28292376
2127;4648209
2128;21006404
2129;13173488
2130;23233526
2131;11944607
2132;11222473
2133;33235119
2134;20050742
2135;28162465
2136;11286646
2137;20671142
2138;18023587
2139;26376635
2140;18882303
2141;25886312
2142;17823192
2143;37622448
2144;29699644
2145;48968973
2146;21773327
2147;28739961
2148;27450161
2149;17357653
2150;15994866
2151;31905800
2152;28203841
2153;16500379
2154;21469653
2155;17676547
2156;20789216
2157;25735396
2158;18213190
2159;30340515
2160;21954936
2161;52163632
2162;9181050
2163;23833266
2164;14833341
2165;32159982
2166;29475775
2167;15920418
2168;41552152
2169;18514691
2170;20569585
2171;35439526
2172;27306817
2173;15189280
2174;36966456
2175;17881200
2176;28067850
2177;16352448
2178;21299756
2179;21818707
2180;15990921
2181;17129691
2182;8476272
2183;11921032
2184;21407265
2185;32080694
2186;27976508
2187;12147865
2188;18485452
2189;7724500
2190;11635791
2191;19458069
2192;9588879
2193;26286676
2194;20388519
2195;33852200
2196;23989181
2197;32606477
2198;5026450
2199;26515047
2200;12255360
2201;18150247
2202;11193441
2203;21578227
2204;17002750
2205;25212862
2206;13391394
2207;19214975
2208;34028269
2209;11734491
2210;18586775
2211;30119391
2212;22622994
2213;17768987
2214;21226725
2215;23254960
2216;26451639
2217;21382703
2218;15139986
2219;29133550
2220;11014690
2221;10321900
2222;15385717
2223;16923064
2224;19782870
2225;22619500
2226;42503731
2227;31788535
2228;33055291
2229;31905872
2230;63701744
2231;14059045
2232;33362700
2233;19386806
2234;20838000
2235;21668525
2236;26536023
2237;6499738
2238;24543300
2239;2711661
2240;19003312
2241;29449834
2242;18712982
2243;10153077
2244;26203371
2245;18485273
2246;21396678
2247;12935833
2248;21531952
2249;36940352
2250;20437905
2251;17061659
2252;23951238
2253;14158533
2254;22492667
2255;16510430
2256;18081764
2257;20228204
2258;19503934
2259;33970905
2260;28155095
2261;20718885
2262;29526286
2263;19859927
2264;6720641
2265;19040359
2266;23112030
2267;26203305
2268;24954472
2269;17470928
2270;17593700
2271;21818975
2272;14613335
2273;30372476
2274;42257638
2275;19546585
2276;16388517
2277;15868432
2278;34108395
2279;31408725
2280;30464947
2281;16624016
2282;30722892
2283;24343834
2284;30992853
2285;28334976
2286;33375018
2287;21737578
2288;20739347
2289;25013845
2290;25261416
2291;16517211
2292;18340988
2293;46504894
2294;29500868
2295;55616863
2296;17282523
2297;27289520
2298;11553866
2299;39691900
2300;22827836
2301;14517980
2302;14639839
2303;44718695
2304;28683655
2305;45197119
2306;16241353
2307;21343047
2308;9294210
2309;20331053
2310;21368704
2311;13260
2312;23369981
2313;22440756
2314;75425754
2315;38552352
2316;23272636
2317;27598168
2318;65247929
2319;20569896
2320;31478075
2321;22311815
2322;33865008
2323;27931453
2324;26505085
2325;29701207
2326;20046238
2327;26233389
2328;24048210
2329;18076890
2330;21748207
2331;10426709
2332;26024047
2333;25527931
2334;14969735
2335;25157217
2336;22321608
2337;39398091
2338;27158013
2339;40198403
2340;15648853
2341;33248875
2342;19042133
2343;17788775
2344;26360484
2345;45902480
2346;21858686
2347;23413976
2348;23489408
2349;17474737
2350;36078424
2351;40707678
2352;19472404
2353;34387816
2354;35394530
2355;24858366
2356;21278236
2357;31864870
2358;18915817
2359;27804573
2360;24196155
2361;16584621
2362;14278090
2363;20941655
2364;22247184
2365;20125420
2366;18283726
2367;25499650
2368;19815093
2369;13793876
2370;25396880
2371;30194080
2372;10396472
2373;20468340
2374;17634721
2375;21493147
2376;45327465
2377;24556770
2378;36298428
2379;21971560
2380;30604228
2381;26074950
2382;22889877
2383;4018613
2384;18760188
2385;13229633
2386;24157895
2387;15096030
2388;37328007
2389;28151785
2390;26153580
2391;28072268
2392;27541774
2393;11964967
2394;24285005
2395;48889360
2396;19659552
2397;16917938
2398;20922280
2399;15108740
2400;63115863
2401;24929982
2402;10462800
2403;11646805
2404;22580240
2405;21046640
2406;28490715
2407;16456895
2408;18377233
2409;21826815
2410;27228661
2411;32762529
2412;33140565
2413;18508595
2414;12453211
2415;19057973
2416;29976550
2417;30956850
2418;46737584
2419;31707470
2420;24691138
2421;22271719
2422;8034028
2423;21881625
2424;28526309
2425;33992328
2426;105611526
2427;71647266
2428;22451195
2429;31925428
2430;33225657
2431;19243534
2432;17549570
2433;8050906
2434;15134586
2435;26481016
2436;11135110
2437;81630116
2438;23434853
2439;50185637
2440;20232380
2441;32577360
2442;27779047
2443;15393724
2444;12789445
2445;35850447
2446;28873900
2447;15696528
2448;26888023
2449;7635778
2450;26138554
2451;23352195
2452;19073195
2453;21972861
2454;28143904
2455;30139640
2456;83818458
2457;21198496
2458;28345325
2459;31609260
2460;18879018
2461;31281971
2462;17922909
2463;28180496
2464;17720395
2465;29826558
2466;31578968
2467;12481454
2468;14693568
2469;33824343
2470;36500485
2471;35028987
2472;37169423
2473;10091166
2474;23676386
2475;19327066
2476;21499793
2477;17853800
2478;18623328
2479;31448172
2480;23412744
2481;27196808
2482;25258038
2483;30377295
2484;32571733
2485;23085847
2486;42780954
2487;43437417
2488;37154800
2489;24076552
2490;29063975
2491;36796886
2492;34702458
2493;13287025
2494;17619840
2495;68105366
2496;24428092
2497;20000581
2498;73863313
2499;24146200
2500;25063990
2501;30087733
2502;10756673
2503;22174211
2504;54102436
2505;30093986
2506;24829883
2507;38500343
2508;26803988
2509;49457521
2510;48693136
2511;30799044
2512;30261152
2513;21992494
2514;31288534
2515;28311133
2516;20201222
2517;24072313
2518;16369218
2519;44677307
2520;13899819
2521;159920300
2522;27959586
2523;32595737
2524;39995068
2525;18945326
2526;27996570
2527;60094686
2528;24733140
2529;22727288
2530;13471341
2531;95935360
2532;22639500
2533;26567385
2534;34242887
2535;29516113
2536;27053619
2537;17610670
2538;12512926
2539;63318730
2540;20066214
2541;14427304
2542;33561641
2543;26781689
2544;23194910
2545;29443316
2546;28809550
2547;7132506
2548;57867080
2549;19613626
2550;15192059
2551;73828988
2552;19085851
2553;51405151
2554;48796116
2555;18841637
2556;37291511
2557;19703223
2558;22712415
2559;34302678
2560;10342280
2561;23200668
2562;30470165
2563;18352607
2564;52157894
2565;28511670
2566;28378984
2567;32380974
2568;28753252
2569;21397914
2570;27648570
2571;19470573
2572;33076872
2573;38133900
2574;24584995
2575;18847654
2576;27511115
2577;38965510
2578;10952733
2579;31907416
2580;34450682
2581;17920440
2582;19293342
2583;12494360
2584;28212933
2585;19031695
2586;29464896
2587;65420604
2588;39800389
2589;27141440
2590;22419660
2591;26115346
2592;44678280
2593;20087630
2594;32212557
2595;12377125
2596;23618995
2597;30592700
2598;24467688
2599;29750438
2600;29034360
2601;20460436
2602;57197795
2603;41098783
2604;9175840
2605;27929280
2606;15133180
2607;35970073
2608;22366556
2609;25594347
2610;28559612
2611;27069764
2612;20619888
2613;26969429
2614;33276811
2615;28435711
2616;26833391
2617;32074805
2618;34350082
2619;72710665
2620;21241985
2621;58714940
2622;34059118
2623;29416075
2624;17065686
2625;14755031
2626;28498825
2627;15215675
2628;14543154
2629;20404568
2630;19732791
2631;22611527
2632;35020368
2633;29557270
2634;26327322
2635;29535304
2636;27216848
2637;23114531
2638;35057126
2639;53854369
2640;15806588
2641;34348568
2642;22914745
2643;33674684
2644;29375620
2645;35339270
2646;34146610
2647;21285600
2648;38573069
2649;43086877
2650;26686390
2651;32300153
2652;23111826
2653;32653509
2654;24985033
2655;12709052
2656;19945109
2657;28537075
2658;34766314
2659;24181296
2660;39496673
2661;25450009
2662;31199018
2663;18172430
2664;53851977
2665;21786450
2666;16507994
2667;23349741
2668;24569852
2669;38076365
2670;27728631
2671;34248671
2672;27444518
2673;29000015
2674;27574906
2675;16622700
2676;26328513
2677;45380070
2678;44412411
2679;28785779
2680;21170125
2681;38334900
2682;16451744
2683;14153861
2684;70644890
2685;9087158
2686;29526948
2687;60670017
2688;35615282
2689;41965790
2690;25954985
2691;20132572
2692;29302806
2693;24589979
2694;51758154
2695;21069776
2696;21243337
2697;22457056
2698;24203806
2699;25579969
2700;35128966
2701;38345680
2702;18546341
2703;40201164
2704;22663253
2705;31419544
2706;17421336
2707;28532210
2708;27673405
2709;36425033
2710;59324933
2711;31422173
2712;24288083
2713;40159415
2714;41607257
2715;25562647
2716;39700585
2717;22467173
2718;12194200
2719;32931355
2720;28790580
2721;19669395
2722;37406475
2723;14417123
2724;13317350
2725;33673704
2726;40162491
2727;24743435
2728;84338304
2729;39535404
2730;19275687
2731;31270994
2732;19190065
2733;15721973
2734;65062187
2735;22562983
2736;38336105
2737;30493504
2738;28794821
2739;23556800
2740;32193389
2741;25478650
2742;21209168
2743;24457695
2744;56226336
2745;43541051
2746;21754844
2747;28083169
2748;30215086
2749;28179072
2750;19722961
2751;15023572
2752;37358633
2753;49592992
2754;17223208
2755;23870360
2756;64023138
2757;44324348
2758;35888219
2759;25458858
2760;21092156
2761;45278584
2762;26520730
2763;68238487
2764;33623323
2765;30808581
2766;17969864
2767;28846122
2768;33786296
2769;27300784
2770;16836133
2771;20355600
2772;28627261
2773;27122727
2774;35246392
2775;22838568
2776;18021056
2777;77734828
2778;79358334
2779;29548778
2780;26039377
2781;24892289
2782;20278776
2783;41158592
2784;23695722
2785;25317800
2786;80624672
2787;84828141
2788;14640758
2789;41171650
2790;46591640
2791;29181278
2792;28636142
2793;20356640
2794;26411880
2795;11641819
2796;21532496
2797;32700653
2798;30532160
2799;20294660
2800;43584748
2801;15226166
2802;26119227
2803;45528345
2804;36833628
2805;42045933
2806;20691300
2807;20543217
2808;37010400
2809;74910415
2810;24889147
2811;27671590
2812;17391639
2813;29252605
2814;30955833
2815;35810422
2816;22408847
2817;37696048
2818;46262968
2819;37390264
2820;51181335
2821;28599837
2822;28231631
2823;32698135
2824;20646450
2825;23698833
2826;11783722
2827;45122004
2828;29383326
2829;20013551
2830;35675337
2831;12580162
2832;22833791
2833;41421418
2834;23410871
2835;6094200
2836;33349304
2837;13285008
2838;19607003
2839;25884638
2840;21498758
2841;46233259
2842;46896742
2843;49157730
2844;37365255
2845;28103218
2846;24576191
2847;16597425
2848;17060603
2849;30264657
2850;34117911
2851;33005533
2852;22644226
2853;61297324
2854;15581488
2855;28639890
2856;29614342
2857;13580618
2858;54401421
2859;20046756
2860;23738031
2861;25214536
2862;47186386
2863;17151488
2864;26480993
2865;17888505
2866;26650625
2867;29013108
2868;24372029
2869;24134525
2870;23074646
2871;85801984
2872;26071655
2873;39706093
2874;24659727
2875;29411300
2876;31676654
2877;23992660
2878;25023300
2879;22027644
2880;19926166
2881;52856600
2882;23131600
2883;39968407
2884;15773629
2885;23134233
2886;22887800
2887;34912333
2888;18483100
2889;40731873
2890;74744915
2891;32996230
2892;27494052
2893;38861975
2894;25975485
2895;25358320
2896;20515957
2897;26692173
2898;44319271
2899;26547638
2900;37946483
2901;29780120
2902;25870558
2903;26208994
2904;28195140
2905;24022363
2906;11519519
2907;25511544
2908;23545471
2909;32844475
2910;39483337
2911;34527477
2912;18845708
2913;34262315
2914;34528292
2915;25597965
2916;36046870
2917;23892576
2918;39168752
2919;12715480
2920;32266921
2921;24803529
2922;14127216
2923;34689350
2924;39687076
2925;46891659
2926;73901444
2927;25764796
2928;20155327
2929;37557042
2930;11495910
2931;28974711
2932;30348209
2933;52286721
2934;35792812
2935;30585220
2936;37622438
2937;47899684
2938;33587920
2939;25026473
2940;25461000
2941;30073116
2942;14259700
2943;35283717
2944;43736250
2945;8429400
2946;25345300
2947;13065436
2948;17428142
2949;17848259
2950;60256893
2951;26637968
2952;53554607
2953;29732204
2954;29159110
2955;41419933
2956;30966653
2957;27548626
2958;36920731
2959;31366986
2960;17927430
2961;25652117
2962;20564237
2963;33266870
2964;12279152
2965;24875926
2966;61095987
2967;42337652
2968;21591954
2969;45560016
2970;22160196
2971;30373617
2972;28534113
2973;24551042
2974;32525600
2975;23079120
2976;90571600
2977;58942024
2978;24095342
2979;37363445
2980;31987104
2981;21879816
2982;27594419
2983;29531407
2984;19666166
2985;35212241
2986;24317587
2987;23863247
2988;26128125
2989;20876061
2990;25835523
2991;100934420
2992;59507491
2993;23596448
2994;35716229
2995;9783800
2996;79703855
2997;33098940
2998;27512804
2999;23374758
3000;52662182
3001;19360413
3002;37264020
3003;28159147
3004;22081321
3005;29020255
3006;28831860
3007;49440742
3008;30242192
3009;56680121
3010;46134661
3011;42906055
3012;30535968
3013;18470657
3014;64472778
3015;41132658
3016;15045186
3017;49106931
3018;50048929
3019;29630453
3020;34438386
3021;32573868
3022;19717580
3023;14392382
3024;63605320
3025;31187550
3026;49511564
3027;27600308
3028;31183624
3029;35310787
3030;21563282
3031;33348488
3032;28251820
3033;103741321
3034;27915186
3035;23516460
3036;53486784
3037;38937557
3038;49012150
3039;22507565
3040;20190429
3041;49554096
3042;40715743
3043;58749953
3044;155998910
3045;52733734
3046;71938300
3047;37509784
3048;42539844
3049;18196592
3050;22967613
3051;40310364
3052;44155995
3053;28515047
3054;23172378
3055;29773931
3056;20180331
3057;37540372
3058;23902626
3059;24972095
3060;52503770
3061;26288133
3062;20970642
3063;21207020
3064;26651705
3065;72705936
3066;92287685
3067;20233540
3068;26914871
3069;30943545
3070;48710017
3071;26060216
3072;23487647
3073;40390218
3074;30734666
3075;23701111
3076;139105847
3077;41436121
3078;29789425
3079;30998194
3080;30823054
3081;68697230
3082;23962906
3083;39680930
3084;18423488
3085;32176540
3086;22233227
3087;27014653
3088;27206106
3089;25051681
3090;77892821
3091;38187927
3092;75722355
3093;31145784
3094;19008004
3095;37469638
3096;25505280
3097;4022061
3098;30760904
3099;61422212
3100;28359190
3101;38749448
3102;25556480
3103;31383428
3104;33711391
3105;53632707
3106;67545839
3107;31263672
3108;34492957
3109;81346740
3110;20178014
3111;36892124
3112;33197600
3113;58063531
3114;34304968
3115;35545985
3116;66512369
3117;14744826
3118;34503742
3119;23067541
3120;24369663
3121;39609455
3122;23638173
3123;17635415
3124;31883264
3125;47857761
3126;45805766
3127;41266220
3128;31682281
3129;27354847
3130;16127900
3131;23195086
3132;31401259
3133;37580694
3134;29362811
3135;39712363
3136;20705040
3137;66062072
3138;32936811
3139;36320818
3140;24256628
3141;42566309
3142;35824476
3143;13925364
3144;22971168
3145;20367575
3146;32222617
3147;45898231
3148;22251384
3149;39241900
3150;28772515
3151;56466380
3152;20819395
3153;26754331
3154;32290445
3155;35143483
3156;27247452
3157;54954286
3158;59121252
3159;30347169
3160;36116504
3161;25387805
3162;16686805
3163;79653188
3164;20525209
3165;61261072
3166;24277815
3167;62487086
3168;24672375
3169;21279105
3170;72121375
3171;32299040
3172;29113676
3173;34978936
3174;24045200
3175;41591069
3176;28082830
3177;20284715
3178;34995674
3179;32282155
3180;23846105
3181;89587357
3182;21693273
3183;35222950
3184;35141308
3185;29218175
3186;30144572
3187;135122095
3188;26134160
3189;24578758
3190;29016527
3191;37038088
3192;15783877
3193;41982153
3194;19516255
3195;17988200
3196;64197125
3197;107777462
3198;37022755
3199;55579561
3200;24393150
3201;69775417
3202;83134831
3203;33347148
3204;121314928
3205;42983700
3206;28384761
3207;36789079
3208;30163613
3209;53193685
3210;44380058
3211;29948087
3212;17670668
3213;32253200
3214;93678186
3215;21335726
3216;35137660
3217;45448204
3218;32873741
3219;21667715
3220;27257284
3221;42048145
3222;15576208
3223;73433626
3224;62043758
3225;41516180
3226;56229725
3227;37331363
3228;25823861
3229;25973212
3230;78872895
3231;40913523
3232;63965280
3233;50918237
3234;35087561
3235;33119511
3236;103471304
3237;19242582
3238;109168416
3239;58163823
3240;9410053
3241;31106343
3242;24767640
3243;29059706
3244;31945221
3245;117098900
3246;30167155
3247;28959047
3248;163518841
3249;26657759
3250;30474752
3251;22663025
3252;62893934
3253;21566742
3254;38660922
3255;97769771
3256;33424589
3257;36548607
3258;110219337
3259;32732414
3260;42007215
3261;54197244
3262;33568487
3263;29651964
3264;34156265
3265;23756819
3266;37609440
3267;47991667
3268;57518438
3269;28539710
3270;60250435
3271;24007812
3272;43255317
3273;41921831
3274;39734904
3275;30135568
3276;43424331
3277;27221521
3278;39892731
3279;83708596
3280;35963403
3281;44654047
3282;54416235
3283;27638425
3284;30378491
3285;29347971
3286;145377046
3287;30246584
3288;32384791
3289;62126486
3290;28434119
3291;35374440
3292;34761364
3293;27375094
3294;83191790
3295;36573942
3296;20718554
3297;24746060
3298;64969163
3299;40367517
3300;21019348
3301;40508368
3302;44620050
3303;38273495
3304;20275504
3305;24182079
3306;43400261
3307;40820059
3308;182994495
3309;39227595
3310;24019636
3311;38264410
3312;31156385
3313;24390464
3314;65507340
3315;35917268
3316;37766088
3317;23930652
3318;32644278
3319;92030630
3320;28270811
3321;38810295
3322;34258479
3323;63798222
3324;39817277
3325;48785061
3326;25311520
3327;27914816
3328;17550695
3329;34354540
3330;107709195
3331;23847372
3332;50949341
3333;26432316
3334;26277411
3335;27773406
3336;29655907
3337;50142026
3338;64217342
3339;38023310
3340;55076512
3341;30220718
3342;55485960
3343;34562045
3344;32607107
3345;87415608
3346;31069227
3347;38160500
3348;27595047
3349;25453150
3350;34231335
3351;33152078
3352;57593244
3353;27189844
3354;41577264
3355;36243741
3356;30429784
3357;33827613
3358;32558316
3359;21509830
3360;32419900
3361;31180212
3362;33685141
3363;174729844
3364;16757514
3365;21930850
3366;38052244
3367;24504052
3368;22857000
3369;55387144
3370;37279650
3371;30013105
3372;38935360
3373;38467242
3374;41279740
3375;36351033
3376;37787920
3377;26302747
3378;112679745
3379;36234166
3380;35189884
3381;28484442
3382;64752375
3383;26377874
3384;34991879
3385;55703710
3386;32725427
3387;22507724
3388;29472384
3389;51322500
3390;33007747
3391;28892507
3392;23566121
3393;55773431
3394;47340241
3395;27288524
3396;30216238
3397;24461725
3398;30872804
3399;23661588
3400;34529164
3401;40927506
3402;85482050
3403;31511895
3404;19801286
3405;40770776
3406;51212854
3407;43266186
3408;41804250
3409;24093510
3410;35032719
3411;63426795
3412;16779007
3413;18485252
3414;87315085
3415;29133812
3416;26363725
3417;26105306
3418;32328342
3419;48212477
3420;45885305
3421;26625709
3422;31507395
3423;109506084
3424;38629495
3425;98068485
3426;27420443
3427;43808600
3428;35555411
3429;27117505
3430;287425200
3431;38985160
3432;51788761
3433;99358169
3434;64885864
3435;20748810
3436;29445126
3437;39051468
3438;28561112
3439;97922320
3440;187241758
3441;23012136
3442;33246590
3443;34340240
3444;52887725
3445;32818368
3446;19680940
3447;31662828
3448;29785857
3449;85505125
3450;50816939
3451;52517681
3452;29598595
3453;62776320
3454;54966538
3455;40543614
3456;32763035
3457;28733943
3458;49450871
3459;19485535
3460;38837985
3461;43096313
3462;29067530
3463;18366633
3464;23762300
3465;33421119
3466;24078177
3467;84906539
3468;21445030
3469;35099340
3470;85754923
3471;113050735
3472;97873620
3473;17880584
3474;32213359
3475;26191476
3476;24554828
3477;98875196
3478;22390605
3479;53873442
3480;41099900
3481;57530010
3482;44769661
3483;41338405
3484;117021144
3485;23009794
3486;95288629
3487;30830153
3488;37991450
3489;42433858
3490;30103477
3491;52924540
3492;50383150
3493;38289396
3494;33809406
3495;34163813
3496;31266576
3497;26617394
3498;30836350
3499;35574066
3500;33401116
3501;35122573
3502;36980000
3503;49070066
3504;25323308
3505;54208075
3506;30914821
3507;32936366
3508;50465210
3509;43760309
3510;46438547
3511;50082505
3512;24349614
3513;68227082
3514;16513733
3515;92842805
3516;93865529
3517;29909228
3518;45358464
3519;42105593
3520;96585550
3521;41876287
3522;29222592
3523;35506200
3524;23915184
3525;24964625
3526;27722185
3527;27881636
3528;16939144
3529;113265993
3530;16278373
3531;26529136
3532;132493660
3533;34750868
3534;29514091
3535;31995136
3536;22947627
3537;103043526
3538;30203780
3539;21012773
3540;83661661
3541;49526177
3542;41625582
3543;23730379
3544;70741517
3545;37792717
3546;78519906
3547;45787346
3548;45509650
3549;34670240
3550;117282428
3551;25949035
3552;24877052
3553;36770272
3554;33559727
3555;21377754
3556;46226568
3557;61514357
3558;68661371
3559;25175393
3560;67574217
3561;29483304
3562;29141634
3563;34684225
3564;32725305
3565;53536845
3566;39098931
3567;38800368
3568;30489280
3569;198562624
3570;34467992
3571;47031685
3572;32437515
3573;140028127
3574;30836155
3575;60769081
3576;74572852
3577;29209065
3578;40375310
3579;31164711
3580;36046183
3581;44446120
3582;39445288
3583;28598042
3584;41529463
3585;20196500
3586;27618088
3587;30777269
3588;22609880
3589;39588633
3590;45590816
3591;38629585
3592;21331242
3593;30796070
3594;64455810
3595;64319370
3596;39737354
3597;65962585
3598;180227677
3599;79459152
3600;27006911
3601;146847404
3602;42711287
3603;31943694
3604;35377704
3605;35488529
3606;47573581
3607;29795168
3608;147722604
3609;15608473
3610;25903024
3611;27292729
3612;27543276
3613;97033669
3614;88229547
3615;29674721
3616;24024133
3617;28623036
3618;32632300
3619;108253125
3620;21713505
3621;29241890
3622;72855292
3623;44439561
3624;96801855
3625;51542766
3626;110310693
3627;120612172
3628;78799968
3629;85089968
3630;37833515
3631;34484795
3632;31000082
3633;34538665
3634;27362100
3635;38963192
3636;24836971
3637;42651289
3638;25996535
3639;96257612
3640;30286588
3641;73524225
3642;44990127
3643;33275809
3644;30449677
3645;25918933
3646;24545585
3647;26578235
3648;88829961
3649;51522662
3650;36883150
3651;43026391
3652;229508676
3653;28441833
3654;51340689
3655;31536961
3656;41909568
3657;38356490
3658;28566890
3659;25407454
3660;117352661
3661;51312704
3662;35437406
3663;83789290
3664;100710432
3665;25865453
3666;67111722
3667;23006421
3668;28216305
3669;41399220
3670;37398568
3671;88103510
3672;22340858
3673;30533666
3674;24937050
3675;21248727
3676;38182283
3677;48488854
3678;107927125
3679;36408613
3680;60613244
3681;122708062
3682;75523140
3683;48584213
3684;53859377
3685;46776395
3686;78674065
3687;19763620
3688;149929561
3689;28530135
3690;36373117
3691;52220445
3692;101700552
3693;53292255
3694;34491800
3695;33166033
3696;33158271
3697;120921107
3698;45385554
3699;36525173
3700;40376826
3701;21431910
3702;38997723
3703;38019345
3704;108024088
3705;34836655
3706;39073160
3707;34700985
3708;36744078
3709;42633525
3710;38068378
3711;27847154
3712;37288103
3713;33712980
3714;118874729
3715;152005385
3716;31988814
3717;30568940
3718;25782918
3719;81350582
3720;32351100
3721;189748510
3722;66697646
3723;35000608
3724;26369100
3725;41514450
3726;38379732
3727;29711250
3728;29495771
3729;28730300
3730;30497021
3731;35525286
3732;27162186
3733;43295896
3734;27447900
3735;30918811
3736;67479937
3737;24267405
3738;36616931
3739;26616731
3740;46404957
3741;34921006
3742;80223676
3743;91859236
3744;35754400
3745;33814566
3746;39528550
3747;32260177
3748;58046982
3749;37383763
3750;90915883
3751;58199457
3752;34938250
3753;44103980
3754;29069062
3755;32231253
3756;44461034
3757;115005688
3758;17217665
3759;29757470
3760;29554748
3761;21621072
3762;24369326
3763;41221985
3764;37407725
3765;26099629
3766;46500184
3767;57868875
3768;29516131
3769;34632871
3770;45620860
3771;38629668
3772;28595321
3773;30234990
3774;31155816
3775;39865336
3776;37470588
3777;27279586
3778;89033185
3779;94614950
3780;38808264
3781;38536259
3782;25699700
3783;18888460
3784;151820895
3785;47103956
3786;91878581
3787;26530515
3788;286556200
3789;39472204
3790;26450767
3791;132615730
3792;32600230
3793;72372845
3794;46510790
3795;27873547
3796;36256195
3797;43354055
3798;36909672
3799;34542335
3800;58684115
3801;45309228
3802;25670833
3803;24549189
3804;109003440
3805;33374531
3806;27064444
3807;68321845
3808;24112658
3809;33602203
3810;38192283
3811;24127021
3812;34474071
3813;37427938
3814;28194428
3815;31723522
3816;28497763
3817;34340326
3818;34052231
3819;64108200
3820;41522041
3821;30526303
3822;19165845
3823;34925400
3824;19878710
3825;41968835
3826;157364622
3827;39491936
3828;53808592
3829;38459419
3830;35093403
3831;116892051
3832;37592682
3833;31895800
3834;40916156
3835;32252735
3836;40389635
3837;31020444
3838;44219390
3839;36511900
3840;34289980
3841;35568896
3842;30484788
3843;38937700
3844;35628547
3845;35696175
3846;28356447
3847;81373537
3848;299591280
3849;34560662
3850;28953846
3851;35093205
3852;76972633
3853;79861576
3854;39269431
3855;37114264
3856;36392812
3857;58824625
3858;25806994
3859;34601782
3860;42182491
3861;62239550
3862;59732118
3863;28292640
3864;86787686
3865;37496070
3866;37435852
3867;78369736
3868;38874600
3869;36563870
3870;36452458
3871;31568650
3872;58316704
3873;40292752
3874;47374575
3875;34660452
3876;28224864
3877;39438095
3878;35714286
3879;38857315
3880;26077028
3881;36332183
3882;80819921
3883;36494705
3884;40241253
3885;32557952
3886;26078613
3887;37734766
3888;82130477
3889;30000109
3890;32659988
3891;54868745
3892;40791725
3893;44521533
3894;198069160
3895;32801580
3896;107193160
3897;67319866
3898;35710594
3899;60449914
3900;45223231
3901;45979631
3902;41685110
3903;28921090
3904;36597045
3905;33133975
3906;27339910
3907;34858450
3908;44808261
3909;53177854
3910;27544686
3911;201085155
3912;183227487
3913;81382540
3914;27763350
3915;28293626
3916;57279609
3917;44095364
3918;32558257
3919;80915756
3920;43020183
3921;150855190
3922;41319383
3923;35086695
3924;85004300
3925;28836028
3926;57947125
3927;17323747
3928;86605100
3929;34911504
3930;45064057
3931;28902480
3932;110366860
3933;49790224
3934;92766195
3935;48489350
3936;30406665
3937;132180833
3938;147904744
3939;46440131
3940;36376809
3941;86111983
3942;166213561
3943;24903447
3944;36583824
3945;39377851
3946;29608238
3947;66405119
3948;45167357
3949;56998885
3950;28218078
3951;56025695
3952;56102995
3953;30729155
3954;63484385
3955;42480173
3956;40722861
3957;39229414
3958;39989526
3959;35899740
3960;96731181
3961;70035826
3962;27060568
3963;33405683
3964;25100583
3965;31159536
3966;38369677
3967;23971700
3968;53247190
3969;40992887
3970;39242450
3971;71947166
3972;133787025
3973;79254976
3974;84669818
3975;45611939
3976;77610522
3977;52132362
3978;31989664
3979;44321831
3980;128787557
3981;28571116
3982;56833140
3983;47645452
3984;101839666
3985;38315488
3986;23204550
3987;38305542
3988;61247171
3989;47548778
3990;21337121
3991;114380154
3992;30002461
3993;32271326
3994;59809884
3995;82029495
3996;47269335
3997;38586263
3998;31453242
3999;55907371
4000;36840373
4001;49659653
4002;25922174
4003;46048414
4004;44283952
4005;247080078
4006;52964529
4007;40055609
4008;37554796
4009;47364195
4010;38713224
4011;41235814
4012;40641915
4013;38668950
4014;25270642
4015;36690000
4016;107229978
4017;41653869
4018;40976917
4019;49290858
4020;39081655
4021;174805978
4022;72700875
4023;33180195
4024;86403344
4025;37795272
4026;38132345
4027;181640950
4028;50759292
4029;33755671
4030;30962547
4031;40632416
4032;41595841
4033;28950538
4034;46745526
4035;185600876
4036;110359552
4037;29017431
4038;87614375
4039;70798210
4040;43766135
4041;34789133
4042;82996800
4043;36184436
4044;51190456
4045;43551547
4046;38643525
4047;36061026
4048;32925121
4049;46263183
4050;56124583
4051;53435504
4052;29689817
4053;29186238
4054;39117188
4055;207254295
4056;44222203
4057;88912909
4058;123622972
4059;44978354
4060;38893131
4061;51298886
4062;29667314
4063;36327639
4064;24554677
4065;35159156
4066;33297985
4067;57109675
4068;40440953
4069;91517877
4070;39776186
4071;37037073
4072;48938320
4073;33091255
4074;35077017
4075;47463509
4076;65729739
4077;37849927
4078;36501769
4079;42775910
4080;127019672
4081;58477438
4082;50449305
4083;48539364
4084;86749908
4085;74386879
4086;45774641
4087;31661973
4088;41155833
4089;41506896
4090;36525050
4091;36220841
4092;42215637
4093;40632700
4094;44030076
4095;20502126
4096;32398757
4097;46825757
4098;34433520
4099;34996833
4100;66579724
4101;38971869
4102;164167343
4103;42904857
4104;30465273
4105;41269246
4106;41274629
4107;107842467
4108;20350670
4109;89334622
4110;49515347
4111;192323050
4112;22763733
4113;152392384
4114;74781788
4115;35246469
4116;34423079
4117;83852043
4118;57178390
4119;41436462
4120;99435804
4121;32287320
4122;36199200
4123;34259164
4124;51007828
4125;42195715
4126;48528076
4127;59178545
4128;32615113
4129;42683966
4130;31900875
4131;45495836
4132;31642869
4133;51671090
4134;45003666
4135;28660745
4136;25533690
4137;33220133
4138;32890186
4139;36824880
4140;73476424
4141;49836765
4142;41208225
4143;137710168
4144;54637471
4145;46145160
4146;35777051
4147;27620337
4148;24857693
4149;37776315
4150;34541075
4151;39615872
4152;52165763
4153;117971759
4154;34964956
4155;192268277
4156;42431800
4157;46391725
4158;40871048
4159;46970908
4160;38600115
4161;22420650
4162;31975093
4163;32639807
4164;38060772
4165;118651715
4166;36042283
4167;29555536
4168;33357029
4169;31829609
4170;164711668
4171;118631813
4172;35895830
4173;28826305
4174;36477450
4175;49065250
4176;37547505
4177;249280987
4178;40772064
4179;48330128
4180;32960304
4181;45042366
4182;175382561
4183;166726828
4184;82720604
4185;44757075
4186;33165758
4187;63773996
4188;41963831
4189;46917326
4190;38638811
4191;107160100
4192;44426360
4193;47006023
4194;30125600
4195;44759976
4196;31542800
4197;32504413
4198;56671626
4199;41807485
4200;38628703
4201;39556104
4202;43431188
4203;43536246
4204;36069577
4205;34771520
4206;41715846
4207;30067141
4208;332818700
4209;184257585
4210;36447458
4211;36870472
4212;174960493
4213;44993526
4214;65403887
4215;45100681
4216;60338441
4217;35354470
4218;42960308
4219;42472061
4220;39980595
4221;50214816
4222;39163042
4223;29111541
4224;86239323
4225;42880713
4226;126623039
4227;35424120
4228;126729464
4229;98258516
4230;183528037
4231;55266896
4232;57255088
4233;49370760
4234;67128128
4235;83411703
4236;102962494
4237;48961165
4238;45102118
4239;185356262
4240;32666060
4241;44607670
4242;41533615
4243;39911929
4244;33646584
4245;40374723
4246;41590642
4247;45849904
4248;44321331
4249;140603343
4250;43297984
4251;56303240
4252;69325033
4253;40300200
4254;203897283
4255;108857950
4256;86257190
4257;39230811
4258;34304436
4259;39017928
4260;95003104
4261;40052956
4262;41397045
4263;184322261
4264;49650588
4265;39214000
4266;46705165
4267;31313912
4268;31361466
4269;47812452
4270;37422894
4271;37010418
4272;42020700
4273;40819435
4274;25965432
4275;51239854
4276;48820525
4277;110302725
4278;41583754
4279;23231052
4280;40415125
4281;44551685
4282;58956800
4283;60584400
4284;39840229
4285;59354174
4286;149050292
4287;99626000
4288;39953646
4289;31956257
4290;23218490
4291;40568909
4292;40747708
4293;39428316
4294;39484630
4295;45534965
4296;119210242
4297;52214188
4298;30493423
4299;134647709
4300;46331566
4301;43139170
4302;32664188
4303;43828104
4304;43143920
4305;28904564
4306;170270930
4307;20867554
4308;107188403
4309;64731300
4310;36463245
4311;134551788
4312;32576482
4313;159254866
4314;73970743
4315;51844784
4316;43148061
4317;38039320
4318;78919189
4319;133444950
4320;30281665
4321;25357400
4322;158245559
4323;81263741
4324;64343563
4325;45874400
4326;47213754
4327;46955685
4328;78384857
4329;30273636
4330;29154445
4331;42607274
4332;38998060
4333;80402657
4334;45761431
4335;67495850
4336;51177295
4337;32379415
4338;45298195
4339;103456337
4340;177111440
4341;36836572
4342;177878835
4343;52611844
4344;26565400
4345;51034842
4346;39370300
4347;41869756
4348;39065622
4349;40362515
4350;105569456
4351;69028685
4352;45529109
4353;52885150
4354;34308357
4355;56386468
4356;51195800
4357;41441767
4358;94607153
4359;37976681
4360;43112029
4361;167448917
4362;42673546
4363;23892736
4364;37603025
4365;114074388
4366;44240381
4367;72317208
4368;40028000
4369;35684280
4370;45863800
4371;52065060
4372;44476881
4373;34483203
4374;43318542
4375;30143750
4376;41386722
4377;36499832
4378;35172478
4379;46238250
4380;29518715
4381;68717211
4382;38845711
4383;38621205
4384;40644272
4385;32758266
4386;65071528
4387;74430604
4388;153843888
4389;44310468
4390;38082061
4391;45460885
4392;45798253
4393;40871463
4394;59356183
4395;48447845
4396;41277469
4397;36397784
4398;40579700
4399;39442795
4400;26387433
4401;40484590
4402;122540864
4403;42318978
4404;168094989
4405;34765866
4406;36746194
4407;62912980
4408;46846693
4409;35454464
4410;36620228
4411;40272665
4412;45148446
4413;39353784
4414;124295682
4415;42477612
4416;30501510
4417;100407232
4418;41754546
4419;140238693
4420;50653114
4421;41275910
4422;31133410
4423;99177159
4424;29855173
4425;128475571
4426;34606171
4427;50386185
4428;43695528
4429;35875450
4430;97233172
4431;192457577
4432;51796469
4433;35768534
4434;36067862
4435;39361939
4436;110343422
4437;39018544
4438;45236388
4439;51465165
4440;37508447
4441;62069027
4442;83784814
4443;164290707
4444;45948070
4445;27845623
4446;60153990
4447;42053854
4448;35919095
4449;31280890
4450;40074644
4451;36442311
4452;27532530
4453;33531008
4454;39186900
4455;33298882
4456;159837546
4457;81698325
4458;35576784
4459;94311065
4460;231058994
4461;37637766
4462;42726745
4463;40638082
4464;42609329
4465;163240288
4466;68288833
4467;113426547
4468;314002200
4469;43966594
4470;34719395
4471;67668679
4472;29396121
4473;109330947
4474;52435068
4475;61736950
4476;39552442
4477;39593900
4478;40396608
4479;261275745
4480;36776690
4481;38253594
4482;155305868
4483;94910656
4484;40549959
4485;32196823
4486;43247693
4487;29599816
4488;45388990
4489;90465576
4490;32263367
4491;80074782
4492;36409721
4493;53309861
4494;36908308
4495;57051625
4496;39173838
4497;135882900
4498;41170571
4499;32613987
4500;41241265
4501;37706382
4502;51575305
4503;72992414
4504;62330293
4505;37329563
4506;44547607
4507;34025716
4508;198074300
4509;33216869
4510;80979695
4511;39196965
4512;158770753
4513;130890390
4514;43623772
4515;42636726
4516;32009656
4517;201835486
4518;91164009
4519;50274708
4520;224483710
4521;44939184
4522;37080586
4523;34260181
4524;43504707
4525;93973447
4526;32947800
4527;32555792
4528;224703325
4529;42163125
4530;61480345
4531;39569520
4532;45755545
4533;133151429
4534;42659266
4535;33146146
4536;33938200
4537;119237533
4538;40683357
4539;64496233
4540;81711841
4541;111730331
4542;162865400
4543;39280250
4544;45751681
4545;77147408
4546;147428600
4547;45427382
4548;34176975
4549;36586427
4550;40130000
4551;42539490
4552;51714235
4553;41397116
4554;39583793
4555;62422916
4556;78910712
4557;110087263
4558;52468637
4559;36884458
4560;121519803
4561;30900982
4562;301335885
4563;33639481
4564;184387836
4565;55739382
4566;36250322
4567;45486600
4568;43862928
4569;41729610
4570;51312320
4571;52099013
4572;143845369
4573;31452205
4574;49883689
4575;306951715
4576;18257352
4577;35172752
4578;58659152
4579;56328219
4580;40515062
4581;172624762
4582;44358200
4583;42762543
4584;38718786
4585;231585976
4586;67810144
4587;47061178
4588;28346825
4589;89428919
4590;50799215
4591;44022715
4592;156346812
4593;82959741
4594;38945838
4595;39836250
4596;52039452
4597;35394122
4598;42382542
4599;38686100
4600;36264464
4601;42424747
4602;136464100
4603;54832237
4604;46460648
4605;36201185
4606;52718732
4607;66077283
4608;136612478
4609;43695221
4610;43505247
4611;60676062
4612;42147516
4613;37713226
4614;40269847
4615;140478176
4616;32784916
4617;41837672
4618;43830960
4619;83650276
4620;47788739
4621;46367933
4622;56348285
4623;49547970
4624;30008830
4625;30942427
4626;57783664
4627;41130800
4628;41121866
4629;82268265
4630;26806643
4631;42957790
4632;123187172
4633;37875522
4634;46396173
4635;57368504
4636;45457085
4637;60017023
4638;43415538
4639;47655266
4640;63157526
4641;43534076
4642;125272986
4643;143211532
4644;100540858
4645;48793422
4646;94409584
4647;54210689
4648;136076372
4649;54236150
4650;53859547
4651;46934652
4652;37951400
4653;82063853
4654;66675016
4655;28241734
4656;38771036
4657;39572116
4658;39784570
4659;41405165
4660;38016758
4661;37876692
4662;47653563
4663;39653336
4664;160935620
4665;23280682
4666;44911066
4667;43077384
4668;35804814
4669;165037425
4670;29929976
4671;49579890
4672;34842486
4673;25913852
4674;36020212
4675;44821620
4676;49270376
4677;62217830
4678;158787305
4679;45374343
4680;37949546
4681;420529960
4682;91993970
4683;86258314
4684;140647745
4685;39105458
4686;143115133
4687;42579926
4688;42632380
4689;315077373
4690;41771926
4691;62237318
4692;44526777
4693;392046513
4694;48830861
4695;134712341
4696;82628060
4697;55083503
4698;33791952
4699;52452467
4700;41235375
4701;39304331
4702;148843818
4703;35253984
4704;128794000
4705;21689635
4706;35411843
4707;52638150
4708;42974270
4709;33823193
4710;262564186
4711;43055142
4712;35293704
4713;86427125
4714;69075094
4715;37698650
4716;45712047
4717;60200938
4718;82497704
4719;42361541
4720;38541296
4721;41720713
4722;132183747
4723;46446137
4724;39588696
4725;40842971
4726;126146516
4727;43087025
4728;188287472
4729;39776080
4730;37440528
4731;138298040
4732;51873892
4733;51439933
4734;51170600
4735;185610108
4736;49405679
4737;84406133
4738;73248017
4739;41257191
4740;37026525
4741;44881800
4742;170205610
4743;31414520
4744;98215014
4745;41150727
4746;46780831
4747;49557273
4748;46265592
4749;128457488
4750;48541044
4751;75382215
4752;42235366
4753;40757669
4754;51899933
4755;41702426
4756;109193460
4757;101004006
4758;118752809
4759;44456840
4760;47581620
4761;47629896
4762;34483017
4763;44638158
4764;203688150
4765;46549913
4766;43892385
4767;52661821
4768;97953180
4769;157912900
4770;166940116
4771;133661241
4772;39100744
4773;95992002
4774;130826656
4775;40275070
4776;47617456
4777;117748084
4778;57239100
4779;106017805
4780;48947940
4781;113989877
4782;53014576
4783;46316404
4784;35335426
4785;44183474
4786;41787317
4787;43449940
4788;38679855
4789;66458222
4790;85097209
4791;36793358
4792;43903345
4793;36742350
4794;72647540
4795;184856087
4796;40737873
4797;40823913
4798;33688650
4799;44688050
4800;45346236
4801;148698296
4802;39473500
4803;40195743
4804;48293121
4805;36361733
4806;88734420
4807;33779366
4808;52968127
4809;36468131
4810;39294068
4811;44770718
4812;48837761
4813;30874492
4814;52015862
4815;149629504
4816;81321677
4817;36812410
4818;40483705
4819;190580560
4820;48986728
4821;62649212
4822;43964660
4823;39285680
4824;32326854
4825;48240784
4826;60917395
4827;51210511
4828;48366515
4829;72011634
4830;38843291
4831;32027420
4832;41976508
4833;49848126
4834;50831611
4835;38860307
4836;42560864
4837;38531235
4838;69654502
4839;45257013
4840;248459946
4841;85148670
4842;48390530
4843;127396135
4844;34168120
4845;73701400
4846;70065200
4847;47293763
4848;45042347
4849;41251945
4850;46145004
4851;39569483
4852;48482085
4853;85338517
4854;35581847
4855;39444212
4856;36823046
4857;63918129
4858;36791828
4859;43493589
4860;33171310
4861;70512382
4862;41942320
4863;46784389
4864;195937931
4865;39711900
4866;48954319
4867;145113787
4868;84201158
4869;72762425
4870;47410539
4871;47076442
4872;131849585
4873;96604333
4874;39174242
4875;157869733
4876;43130588
4877;40999010
4878;61065484
4879;37795961
4880;48211183
4881;42653986
4882;201912104
4883;27956604
4884;51353108
4885;42993245
4886;36803966
4887;130075026
4888;140456943
4889;42594481
4890;48125737
4891;55958333
4892;68032141
4893;66913517
4894;48337731
4895;42478378
4896;185726350
4897;37951488
4898;37749205
4899;206312080
4900;53217926
4901;42581926
4902;49435393
4903;44698996
4904;45981168
4905;134136152
4906;48021900
4907;161474747
4908;45003617
4909;152110309
4910;49236565
4911;198277964
4912;283194887
4913;37355478
4914;38369842
4915;33773290
4916;76807041
4917;64275839
4918;55273853
4919;112759694
4920;66606400
4921;44653900
4922;129915134
4923;40116538
4924;53457962
4925;54832904
4926;68242869
4927;45795760
4928;309766872
4929;143165850
4930;40131196
4931;188677664
4932;49572533
4933;47287826
4934;43971128
4935;71674040
4936;46868958
4937;168179675
4938;109762328
4939;44731485
4940;48544663
4941;49104466
4942;41544125
4943;182351495
4944;60779458
4945;42980878
4946;57590766
4947;49034673
4948;41204337
4949;41963356
4950;48211264
4951;45201041
4952;191311109
4953;49790154
4954;32404936
4955;47167929
4956;232314420
4957;48276364
4958;46916540
4959;37865004
4960;40502462
4961;221459523
4962;172827947
4963;44910674
4964;75407442
4965;137852550
4966;42362866
4967;38579235
4968;43013360
4969;39836405
4970;79396342
4971;50103234
4972;119404895
4973;47773521
4974;37711890
4975;37862594
4976;77798670
4977;41710263
4978;41303125
4979;50903570
4980;90860647
4981;48228258
4982;41614003
4983;51404950
4984;86964056
4985;52849181
4986;164290225
4987;34547846
4988;159484695
4989;46470500
4990;37899878
4991;37682781
4992;40948850
4993;46315200
4994;35856733
4995;33278357
4996;52069540
4997;60993295
4998;43259757
4999;97482947
