0;15100
1;13900
2;12400
3;16750
4;14714
5;10900
6;10900
7;16000
8;13400
9;11866
10;12500
11;12900
12;10800
13;13200
14;9400
15;14140
16;13900
17;11900
18;12100
20;85666
21;11900
22;14200
23;12650
24;13000
25;11650
26;32000
27;14000
28;17633
29;14000
30;12250
31;12700
32;10100
33;22100
34;28700
35;18750
36;9400
37;11680
38;13683
39;13075
40;18800
41;12400
42;10350
43;10750
44;9150
45;14400
46;14750
47;13016
48;11800
49;24375
50;14900
51;14300
52;11566
53;12950
54;11100
55;12840
56;11975
57;18300
58;96200
59;17020
60;130950
62;11600
63;13537
64;11000
65;9833
66;17325
67;16350
68;12300
70;183680
71;11650
72;13000
73;11900
74;11066
75;11750
76;13600
77;13275
78;105025
79;11950
80;15266
82;12466
83;11600
84;110580
85;26600
86;14666
87;12200
88;17950
89;12400
90;18533
91;10250
92;16300
93;15300
94;12250
95;152933
96;34166
97;42040
98;11575
99;14900
100;14050
101;10166
102;14100
103;173480
104;27671
106;38650
107;54433
108;12450
109;13100
110;10750
111;10700
112;15075
113;16025
114;8800
115;26000
116;56200
117;10600
118;13850
119;10500
120;13900
121;16750
122;11275
123;13300
124;13600
125;277366
126;15450
127;15866
128;11980
129;13188
130;9500
131;11220
134;13880
135;462900
136;426000
137;200275
138;13850
139;47233
140;12500
141;12400
142;12800
143;13400
144;15100
145;19540
146;11233
147;14300
148;15750
149;12000
150;13900
151;15566
152;61240
153;27020
154;13460
155;12833
156;331380
157;14100
158;10866
159;13375
160;16516
161;304575
162;14700
163;12066
164;14866
165;12200
166;12780
167;10350
168;12900
169;11150
170;15260
171;235380
172;10700
173;12000
174;10100
175;11350
176;12100
177;535550
178;24500
179;16000
180;9400
181;11050
182;12700
183;11200
184;12800
185;12250
186;12000
187;11033
188;14640
189;26100
190;98285
191;45800
192;12100
193;10385
194;14100
195;1015400
196;12425
198;8925
199;11333
200;11866
201;13260
202;13700
203;9150
205;14975
206;14766
207;10750
208;14800
209;12866
210;13466
211;14225
212;10766
213;919600
214;13300
216;15050
217;10800
218;33950
219;8000
220;16950
221;18400
222;14100
223;26700
224;8200
225;16233
226;14100
227;12150
228;13760
229;8900
230;12075
231;11780
232;9750
233;14400
234;12550
235;12700
236;10900
237;17500
238;12300
239;17500
240;417250
241;13380
242;11850
243;12116
244;14150
245;126916
247;16300
248;147940
249;12400
250;13600
251;12433
252;141780
253;12250
255;177366
256;10350
257;9325
258;115414
259;11800
260;7500
261;12800
262;12666
263;31733
264;42750
265;11700
267;12800
268;13450
269;10600
270;9650
271;10550
272;444900
273;14500
274;13800
275;11100
276;110466
277;8100
278;25260
279;18800
280;45866
281;13980
282;135180
283;61550
284;115050
285;148966
286;17300
287;47466
288;10625
289;9225
290;13700
291;10650
292;210100
293;12450
294;10060
295;14700
296;18000
297;9700
298;12800
300;18750
301;28900
302;13775
303;10350
304;9400
305;11500
306;21250
307;597400
308;24600
309;493150
310;110050
311;9180
312;180550
313;14150
314;13733
315;13950
316;13637
317;12950
318;10700
319;12500
320;27385
322;9350
323;244150
324;8900
325;14100
326;16700
327;11125
328;13966
329;9700
330;28125
331;303700
332;175800
333;25200
335;120560
336;14550
337;13550
338;10900
339;15150
340;13640
341;11050
342;14300
343;128200
344;12100
345;14650
346;12628
347;13275
348;18150
349;13350
350;17500
351;11233
352;13500
353;53966
354;15050
355;11000
356;13900
357;13300
358;13425
359;13933
360;12700
361;13200
362;10700
363;14000
364;263466
365;13500
366;14300
367;12940
368;320766
369;150471
370;14500
371;155950
372;17750
373;10200
374;16300
376;13025
377;12880
379;11100
380;12240
381;13750
382;9400
384;154150
385;17466
386;7600
387;377650
388;282800
389;13080
390;11300
392;14722
393;10333
394;17100
395;12100
396;13166
397;107016
398;14000
399;138550
400;93020
401;97233
402;16333
404;17966
405;14025
406;274800
407;11700
408;15366
409;13000
410;372700
411;11800
412;25700
413;12428
414;15920
415;122725
416;13633
417;9275
418;12520
419;311600
420;11900
421;14750
422;13162
423;14150
425;11300
426;11700
427;170666
428;19800
429;12733
430;154160
431;12200
432;14450
433;11075
434;12850
435;11100
436;13950
437;14400
438;12950
439;157566
440;9950
442;148525
443;10600
444;11900
445;92440
446;13150
448;14583
450;42025
451;16900
452;12200
453;21050
454;11900
455;9866
456;25480
458;17033
459;19000
460;16325
461;19650
462;19850
463;123660
464;11485
465;18500
467;199125
468;14450
469;10233
470;12883
471;1222600
472;11983
473;11850
474;12600
475;17800
476;12200
477;40200
478;9100
479;431350
481;16600
482;11566
483;9950
484;10500
485;10866
486;9800
487;11000
488;260925
489;12400
490;11350
491;14525
492;13766
493;279216
494;53500
495;13800
496;12366
497;26000
498;25166
499;13500
500;14900
501;353150
502;16500
503;11300
504;12950
505;9250
506;89775
507;12466
508;22866
509;305200
510;8000
511;16866
512;12266
513;16083
514;28600
515;17750
516;174666
517;40100
518;200166
519;12950
520;11800
521;10366
522;343250
523;12900
524;14066
525;241300
526;186825
527;10000
528;12050
530;10660
531;14300
532;12750
533;351300
534;12600
535;34500
537;11880
538;333650
539;11900
540;12450
541;13800
542;12255
543;176966
544;23833
545;97825
546;11400
547;14300
548;192275
549;145133
550;12700
551;10450
552;81011
553;17675
555;14150
556;12800
557;32060
558;165166
559;11033
560;12620
562;31100
563;12700
564;11233
565;13750
566;49933
567;75500
568;508500
569;16040
571;94525
572;151220
573;13533
574;12500
575;784200
576;104900
577;11200
578;10266
579;25933
580;13450
581;278466
582;147025
583;10125
585;212060
586;8300
587;10900
588;12933
589;12400
590;97350
591;12400
592;13900
593;663700
594;13825
595;13183
596;11500
597;11033
598;390200
599;12766
600;10550
601;256933
602;31725
603;162900
604;20000
605;8800
606;11650
607;13300
608;14450
609;14040
610;13266
611;19900
612;12100
613;13150
614;275760
615;12966
616;563975
617;331466
618;106428
619;29166
620;390350
621;13300
622;15350
623;13450
624;9900
625;214266
626;17125
627;279050
628;18200
629;18466
630;12366
631;10600
632;88214
633;12550
634;10680
635;13825
636;14820
637;68700
638;8700
639;12640
640;13733
641;242833
642;20000
644;12480
645;230600
646;268750
647;263300
648;241033
649;12900
650;13950
651;11500
652;15000
653;281060
654;13180
655;12900
656;11400
657;15100
658;12300
659;199175
660;161033
661;15960
662;172200
663;14500
664;11533
665;149980
667;353100
668;28600
669;14400
670;147733
671;13733
672;275700
673;10800
674;50500
676;73555
677;11200
678;14500
679;160683
680;238175
681;252800
682;10200
683;14116
684;49950
685;12250
686;12366
687;11650
688;490300
689;10433
690;13225
691;10200
692;53466
693;12350
694;45500
695;15780
696;12600
697;14150
698;9600
699;17266
700;10800
701;120162
702;223133
703;10900
704;18420
705;123860
706;25066
707;13333
708;17200
709;15975
710;146314
711;184620
712;11800
713;180000
714;85750
715;12200
716;104950
717;109450
718;11150
719;13000
720;908900
721;159733
722;11960
723;39800
724;338400
725;12300
726;12600
727;12266
728;11400
729;151100
730;20950
731;13900
732;14500
733;12700
734;815500
735;156450
736;26525
737;13000
738;285850
739;17250
740;165866
741;15375
743;16650
744;12600
745;129783
746;14400
747;20600
748;12000
749;9850
750;19800
751;17080
752;102180
753;11333
754;20400
755;8350
756;11175
757;265500
758;244666
759;10800
760;13150
761;243366
762;170560
763;11700
764;13100
765;12200
766;374900
767;16950
768;16050
769;11750
770;14675
771;194800
772;12750
773;8600
774;13500
775;1556750
776;12125
777;191016
778;190450
779;18800
780;10200
781;128620
782;179325
783;143000
784;11000
785;1179600
787;41775
789;168025
790;224000
791;11060
792;16025
793;10100
794;273375
795;12300
796;8850
797;62550
798;15066
799;13500
800;10800
801;131150
802;203966
803;12000
804;16300
805;12000
806;339466
807;10700
808;127380
809;13100
810;14333
811;14000
812;191125
813;121000
814;11900
815;11800
816;245850
817;339050
819;12700
820;218033
821;10800
822;12350
823;9950
825;13900
826;37975
827;17700
828;221700
829;12300
830;140000
832;12600
833;13400
834;21000
835;9500
836;14275
837;16300
838;14700
839;32333
840;25000
841;263250
842;10050
843;13066
844;384050
845;218220
846;16933
847;11900
848;102200
849;8600
850;11900
853;315060
854;277800
855;13466
856;9250
857;500566
858;12700
859;10050
860;136100
861;205125
862;20400
863;11133
864;27560
865;11583
866;32300
867;13400
868;220075
869;12000
870;150166
871;13900
872;16466
873;8800
874;300000
875;12325
876;7900
878;12666
879;171225
880;16200
881;163033
882;151544
883;13400
884;10400
885;108800
886;10833
887;16166
888;72733
889;11650
890;349733
891;108450
892;10466
893;268550
894;262566
895;6800
896;114216
897;145700
898;102333
899;13300
900;10950
901;12100
902;497725
903;20766
904;8050
905;123550
906;132450
907;382000
908;608800
909;9100
910;11366
911;238266
912;9800
913;14450
914;195566
915;12250
916;118575
917;20933
919;14200
920;33700
921;11775
922;11550
923;118300
924;13300
925;298840
926;179760
927;12600
928;736050
929;11650
930;168140
931;13760
932;11600
933;12200
934;10075
935;16000
936;276100
937;11233
938;28175
939;13666
940;409266
941;12040
942;327720
943;28800
944;11550
945;15300
946;14900
947;192300
948;8600
949;20000
950;12100
951;27175
952;486100
953;13400
954;14700
955;15250
956;16800
957;157775
958;9400
960;13400
961;21000
962;11666
963;685400
964;12250
965;9100
967;369750
968;332833
969;94080
970;14800
971;2241100
972;8400
973;162600
974;614000
975;13250
976;10750
977;204900
978;27133
979;13200
981;11900
982;18233
983;10425
984;177050
985;13400
986;113616
987;314500
988;12250
989;9100
990;13050
991;9500
993;184700
994;11800
995;9866
996;748900
997;562300
998;546700
999;562200
1000;8550
1001;15800
1002;12600
1003;11700
1004;297166
1005;281940
1006;424633
1007;10500
1009;325233
1010;105585
1011;14350
1012;232333
1013;716625
1014;11266
1015;247250
1016;14200
1017;585875
1018;11050
1019;11750
1020;176120
1021;108950
1022;13185
1023;251450
1024;68300
1025;13050
1026;158328
1027;10850
1028;14233
1029;15380
1030;14100
1031;12350
1032;14300
1033;13000
1034;248050
1035;18500
1036;152750
1037;8400
1038;240100
1039;12000
1040;108675
1041;11266
1042;11033
1043;13466
1044;343500
1045;681675
1046;313800
1047;166275
1048;831500
1049;11200
1050;38800
1051;16700
1052;9900
1053;142150
1054;10020
1055;14033
1056;227175
1057;14500
1058;198200
1059;11900
1060;247600
1061;214700
1062;12900
1063;370350
1064;13800
1065;294050
1066;12900
1067;275125
1068;13150
1069;11500
1070;195575
1071;130142
1072;10425
1073;13100
1075;297460
1076;12466
1077;11550
1078;168566
1079;281500
1080;54025
1081;138622
1082;354700
1083;453300
1084;237433
1085;508300
1086;703400
1087;168560
1088;356425
1089;9600
1090;10550
1091;12700
1092;51350
1093;13633
1094;11740
1095;353033
1096;98150
1098;132340
1101;9825
1102;1178300
1103;15725
1104;448500
1105;19560
1106;10950
1107;735000
1108;313950
1109;326050
1110;9200
1111;10850
1112;11780
1113;415000
1114;335575
1116;11800
1118;11200
1119;1286250
1120;13700
1121;537250
1122;13500
1123;362650
1124;15200
1125;637733
1126;12100
1127;445850
1128;11500
1129;14333
1130;13650
1131;9600
1132;13860
1133;14666
1134;12225
1135;12800
1136;494800
1137;177166
1138;15700
1139;14800
1140;11350
1141;333820
1142;11450
1143;326133
1144;245833
1145;18200
1146;34366
1147;135020
1148;13333
1149;32920
1150;214412
1151;189150
1153;24200
1154;10275
1155;289275
1156;310600
1157;1139900
1158;12725
1159;10150
1160;408866
1161;12533
1162;394800
1163;11266
1164;14700
1165;11680
1166;12550
1168;424800
1169;16733
1170;12900
1171;11466
1172;217900
1173;11550
1174;10900
1175;189900
1176;11700
1177;490750
1178;13600
1179;13800
1180;185666
1181;184820
1182;217275
1183;151800
1184;11000
1185;582700
1186;13166
1187;12850
1188;432225
1189;26500
1190;11200
1192;189200
1193;123840
1194;27525
1197;291850
1198;15125
1199;12600
1200;130975
1201;354300
1202;306800
1203;127475
1204;503566
1205;229266
1206;13200
1208;95225
1209;24150
1211;375800
1212;289075
1213;25700
1214;20975
1215;241500
1216;773000
1217;10000
1218;378240
1219;705800
1220;14675
1221;157450
1222;13000
1223;108850
1224;129350
1225;10000
1226;12000
1227;11950
1228;8000
1229;632400
1230;11150
1231;12150
1232;819950
1233;91800
1234;10850
1235;199060
1236;194160
1237;12900
1238;12400
1239;9100
1240;29500
1241;14400
1242;12750
1244;13300
1245;242733
1246;13666
1247;11720
1248;208540
1249;338650
1250;13100
1251;497650
1252;664400
1253;95620
1254;203650
1255;150980
1256;12666
1257;12325
1258;13433
1259;293400
1260;11160
1261;14700
1262;211825
1263;18200
1264;349666
1265;10950
1266;13033
1267;12200
1268;112875
1269;12650
1270;12650
1271;750600
1272;366500
1273;12160
1274;241066
1275;247833
1276;583800
1277;18600
1278;12100
1279;360325
1280;14500
1281;12000
1282;13666
1283;23412
1284;71225
1285;13580
1286;1081866
1287;354400
1288;935750
1289;20394900
1290;10900
1291;726675
1292;12466
1293;822600
1294;13100
1296;329780
1297;18300
1298;21166
1299;128700
1300;394025
1301;10600
1302;11600
1303;836466
1304;378666
1305;451675
1306;12650
1307;46900
1308;8900
1309;28075
1310;12100
1311;132616
1312;146566
1313;528766
1314;15360
1315;10400
1316;9100
1317;88028
1318;435300
1319;435750
1320;328125
1321;168820
1322;236933
1323;12600
1324;15900
1325;123520
1326;12700
1327;31100
1328;302933
1329;10350
1330;383800
1331;244180
1332;242800
1333;11750
1334;406000
1335;19250
1337;550840
1338;20550
1339;130380
1340;20200
1341;649600
1342;7800
1343;14566
1344;163125
1345;18633
1346;195050
1347;11200
1348;798600
1349;13750
1350;408233
1351;11200
1352;13766
1353;159160
1354;12950
1355;606800
1356;233520
1357;196916
1358;88366
1359;521880
1360;13550
1361;13200
1362;13200
1363;75150
1364;12400
1365;354325
1366;14150
1367;10150
1368;12900
1369;12166
1370;35375
1371;157566
1372;9600
1374;230900
1375;309433
1376;298540
1377;351150
1378;13800
1379;292450
1381;11900
1382;344000
1384;166666
1385;233842
1387;11766
1388;163350
1389;9150
1390;261400
1391;17850
1392;611660
1393;177000
1394;10666
1395;280683
1396;14200
1397;605266
1398;17466
1399;167725
1400;13900
1401;9636033
1402;9300
1403;177925
1404;351100
1405;14000
1406;167650
1407;12933
1408;461100
1409;103466
1410;13175
1411;133675
1412;8500
1413;286650
1414;12500
1415;380700
1416;41400
1417;10725
1418;154944
1419;70314
1420;283400
1421;170875
1422;1365050
1423;271600
1424;12966
1425;102900
1426;126566
1427;584600
1428;11050
1429;12600
1431;349016
1433;252233
1434;379975
1435;11500
1436;175000
1437;407900
1438;441833
1439;341580
1440;240125
1441;15166
1442;33300
1443;10050
1444;13725
1445;109325
1446;15200
1447;15000
1448;648750
1449;12900
1450;179700
1451;655950
1452;195950
1453;213333
1454;791200
1455;7600
1456;209800
1457;20100
1458;297950
1459;13200
1460;14050
1461;11450
1462;79114
1463;11600
1464;230575
1465;14000
1466;35633
1467;10850
1468;8100
1469;12466
1470;1054700
1471;235825
1472;313575
1474;336500
1475;276842
1476;12433
1477;450300
1478;128740
1479;190200
1480;12775
1481;177800
1482;464425
1484;13300
1485;11000
1486;9500
1487;7600
1488;9166
1489;237200
1491;624200
1492;11850
1493;399475
1494;10333
1495;174440
1496;10433
1497;264500
1498;285766
1499;127100
1500;6398066
1501;12750
1502;213400
1503;12233
1504;13028
1505;223700
1506;9900
1507;15725
1508;203125
1509;695500
1510;13200
1511;143000
1512;184233
1514;11700
1515;10000
1516;11400
1517;664650
1518;555733
1519;13100
1520;613475
1521;11266
1522;531425
1523;10700
1524;13185
1525;12300
1526;262940
1527;280500
1528;11050
1529;428300
1530;13175
1531;109314
1532;10850
1533;34700
1534;13680
1535;15625
1536;13833
1537;11050
1538;8700
1539;14800
1541;257025
1542;334500
1543;11950
1544;83200
1546;17071
1548;327775
1549;293320
1550;12600
1551;340100
1552;240733
1553;7300
1554;13820
1555;333885
1556;113400
1557;11250
1558;344500
1559;13300
1560;22250
1561;203666
1562;399850
1563;141333
1564;125950
1565;15433
1566;12933
1568;279450
1569;196100
1570;12916
1571;14400
1572;269633
1573;179466
1574;316820
1575;84820
1576;198950
1577;12200
1578;201516
1579;169700
1580;264566
1581;395500
1582;189100
1583;17650
1584;86460
1585;128316
1587;104614
1588;235125
1589;13100
1591;137125
1592;128600
1593;162240
1594;154540
1595;12200
1597;11666
1598;365550
1599;258785
1600;395250
1601;12400
1602;8700
1603;262833
1604;13025
1605;120857
1606;1917200
1608;10633
1609;15050
1610;13300
1611;8400
1612;16800
1613;299250
1614;286666
1615;297750
1616;9300
1617;11100
1618;326620
1619;283200
1620;15100
1622;206650
1623;13100
1624;158237
1625;13300
1626;11800
1627;486342
1628;478900
1629;584500
1630;1267675
1631;151800
1632;664950
1633;320450
1634;14450
1635;180300
1636;23275
1637;11966
1638;434100
1639;17325
1640;351100
1641;12400
1642;9100
1643;13560
1644;13150
1645;481200
1646;7750
1647;205650
1648;11500
1649;168366
1650;10900
1651;324300
1652;83575
1653;284300
1654;517800
1655;13300
1656;448366
1657;14466
1658;1115000
1659;312375
1660;94960
1661;1950350
1662;811480
1663;10850
1664;1243200
1665;160980
1666;122183
1667;678600
1668;231366
1670;218950
1671;98337
1672;7400
1673;11800
1674;234766
1675;13500
1676;280433
1677;830480
1678;269700
1679;16566
1681;319660
1683;286950
1684;146300
1685;606100
1686;182020
1687;10666
1688;631900
1689;18700
1690;566200
1691;12450
1692;10925
1693;246683
1694;168483
1695;11000
1696;153320
1697;260880
1699;11550
1700;12475
1701;169562
1702;218200
1703;944360
1704;251860
1705;173575
1706;526625
1707;21850
1708;1643700
1709;21566
1710;256900
1711;338233
1712;21250
1713;8900
1714;175233
1715;192300
1716;18500
1717;11300
1718;361825
1719;297500
1721;15450
1722;183720
1723;113200
1724;528550
1725;13950
1726;205400
1727;412750
1728;18480
1729;15150
1730;15000
1731;199500
1732;397600
1733;11600
1734;362875
1735;11000
1736;20200
1737;426925
1738;612500
1739;288100
1740;15433
1741;40000
1742;11300
1743;292600
1744;514800
1745;13533
1746;143150
1747;10550
1748;458375
1749;11866
1751;184075
1752;16175
1753;164233
1754;305100
1755;77000
1756;276180
1757;7900
1758;15550
1759;257875
1760;17400
1761;7900
1762;10750
1763;14600
1764;296066
1765;305120
1766;14900
1767;12266
1768;189066
1769;8400
1770;482333
1771;739766
1772;103675
1773;349566
1774;16100
1775;11800
1776;926000
1777;137250
1778;125366
1779;410450
1780;17300
1781;2915400
1782;13933
1783;13600
1784;16250
1785;13300
1786;154266
1787;12500
1788;279740
1789;15450
1790;13800
1791;239140
1792;520450
1793;458420
1794;24400
1795;418550
1796;305200
1797;13600
1798;178800
1799;11360
1800;637700
1801;168950
1802;265600
1803;17300
1804;1880466
1805;19650
1806;17800
1807;186642
1808;146800
1809;163085
1811;201700
1812;12400
1813;11950
1814;11300
1815;12325
1816;10300
1817;460433
1818;141375
1819;114225
1820;38850
1821;399075
1822;172100
1823;216500
1824;797900
1825;11300
1826;10700
1827;327000
1828;607500
1829;727950
1830;969800
1831;2024100
1832;491400
1833;16150
1834;18400
1835;448650
1836;112550
1837;13000
1839;288333
1840;15933
1841;14200
1842;21000
1843;466300
1844;556333
1845;339060
1846;559400
1847;239683
1848;1571333
1849;489400
1850;12700
1851;16000
1852;28800
1853;11075
1854;8700
1855;446675
1856;11775
1857;13200
1858;296400
1859;11550
1860;694450
1861;313000
1862;185500
1863;436400
1864;470080
1865;220000
1868;408175
1869;127933
1870;17420
1871;440875
1873;828533
1874;279150
1875;1002600
1876;417825
1877;12200
1878;11450
1879;5341400
1880;9400
1881;234300
1882;230450
1883;782550
1884;280983
1885;8700
1886;276900
1887;849233
1888;171950
1889;351340
1890;179600
1891;233175
1892;492750
1893;690666
1894;343520
1895;77475
1896;11400
1897;9850
1898;1600200
1899;181428
1900;300150
1901;16733
1902;12100
1903;10633
1904;13250
1905;11100
1906;16400
1907;413066
1908;16300
1909;217200
1910;14150
1911;142660
1912;1990750
1913;8800
1914;9500
1915;16350
1916;492875
1917;298600
1918;12300
1919;16800
1920;307250
1921;13466
1922;281240
1923;290980
1924;10900
1925;569500
1926;319350
1927;239166
1928;182500
1929;201233
1930;26200
1931;648666
1932;15800
1933;5724075
1934;428000
1935;474300
1936;269400
1937;467833
1938;185066
1939;9950
1940;18460
1941;284875
1942;291680
1943;12000
1944;252057
1945;217340
1946;11733
1947;264566
1949;376100
1950;410225
1951;245166
1952;830100
1953;451300
1954;338300
1955;475000
1956;13000
1957;613200
1958;192233
1959;937900
1960;524950
1961;197825
1962;222966
1963;12400
1964;261250
1965;304250
1966;12633
1967;454483
1968;221800
1969;2721350
1970;10833
1971;2251925
1972;674250
1973;13733
1974;357950
1975;387100
1976;16740
1977;78257
1978;247400
1979;15800
1980;335366
1981;20875
1982;220400
1984;317225
1985;180900
1986;10600
1987;244566
1988;748550
1989;144333
1990;520500
1991;302900
1992;7600
1993;304000
1994;386175
1996;214300
1997;11550
1998;299350
1999;415514
2000;17300
2001;654900
2003;188033
2004;10050
2005;444800
2006;8950
2008;281540
2009;80150
2010;14000
2011;9150
2012;178933
2013;590633
2014;13975
2015;16800
2016;323666
2017;192125
2018;264450
2019;482960
2020;398675
2021;21820
2023;150625
2024;8400
2025;15500
2026;275633
2027;414925
2030;151766
2031;260675
2032;469000
2033;332275
2034;152900
2035;11466
2036;79728
2037;143550
2038;158080
2039;322975
2040;705700
2041;805400
2042;13366
2043;696800
2044;13000
2046;124500
2047;9066
2048;338266
2049;383700
2050;248083
2051;12650
2052;13200
2053;11400
2054;11666
2055;15625
2056;586200
2057;12175
2058;358675
2059;304300
2060;11700
2061;20300
2062;843700
2063;12200
2064;142475
2065;160500
2066;633260
2067;21550
2068;129440
2069;9700
2070;293412
2071;328700
2072;319800
2073;10400
2074;734700
2075;83200
2076;349075
2078;348700
2079;340483
2080;13900
2081;197066
2082;162633
2083;12700
2084;233533
2085;283400
2088;140437
2089;413925
2090;9500
2091;10266
2092;176475
2093;459333
2094;196440
2095;299733
2097;1335400
2098;539800
2099;10350
2100;203060
2101;425833
2102;123680
2103;16266
2104;797825
2105;382600
2106;271700
2107;9700
2108;192850
2109;13100
2110;451100
2111;9700
2112;64600
2113;12220
2114;11966
2115;291700
2116;512700
2117;181700
2118;12300
2119;994100
2121;12550
2122;340060
2123;42300
2124;13100
2125;269760
2126;37600
2127;73585
2128;39600
2129;157540
2130;10833
2131;14533
2132;1156500
2133;13450
2134;138720
2135;173125
2136;19666
2137;206633
2138;385725
2141;336075
2142;9500
2143;244700
2144;273585
2145;196700
2146;13333
2147;690200
2148;12350
2149;236966
2150;10700
2151;14600
2152;13000
2153;394900
2154;733166
2155;12400
2156;186700
2157;403450
2158;15433
2159;363200
2160;14200
2161;15100
2162;17825
2164;17900
2165;183875
2166;615600
2167;669575
2168;444420
2169;624950
2170;352650
2171;272350
2172;814200
2173;626000
2174;267466
2175;10600
2176;148433
2177;429000
2178;362233
2179;291866
2180;107985
2181;938100
2182;213562
2183;102450
2184;674200
2185;14400
2186;13800
2187;295150
2188;672150
2189;347700
2190;270866
2191;9250
2192;14650
2193;769000
2194;601250
2195;666500
2196;806300
2197;553950
2198;66314
2199;146560
2200;150650
2201;757300
2202;16166
2203;9875
2204;18300
2205;979200
2206;12200
2207;860460
2208;11200
2209;212760
2210;16600
2211;581200
2212;205250
2213;396600
2214;172033
2215;597300
2216;219160
2217;458300
2218;8600
2219;11800
2220;444600
2221;640433
2222;767500
2223;274866
2224;10050
2225;586725
2226;126360
2227;100040
2229;426620
2230;14033
2231;1299650
2232;293066
2233;17933
2234;20400500
2235;496566
2236;335100
2237;12733
2238;12550
2239;12666
2240;218800
2241;205800
2242;150125
2243;781000
2244;12950
2245;19333
2246;203575
2247;418100
2248;698575
2249;13000
2250;17066
2251;13300
2252;513400
2253;12133
2254;456250
2255;156750
2256;12833
2257;2284300
2258;11400
2259;13500
2260;10833
2262;14825
2263;135833
2264;487400
2266;1052575
2267;13900
2268;13100
2269;723400
2270;238775
2271;12600
2272;12900
2273;162350
2274;273500
2275;181133
2276;468100
2277;497933
2278;203725
2279;1144900
2280;13266
2281;9350
2282;397600
2283;379100
2284;498900
2285;376700
2286;665950
2287;419050
2288;1051250
2289;531600
2290;119950
2291;27100
2292;200700
2293;213766
2294;235957
2295;10100
2296;33000
2297;1927900
2298;14144
2299;128900
2300;405440
2301;406600
2302;187800
2303;17600
2304;210300
2305;545000
2307;347066
2309;395433
2310;344325
2311;376800
2313;224500
2314;12500
2315;513300
2316;17200
2317;317466
2318;370233
2319;9500
2320;564950
2322;14850
2323;11875
2324;12940
2325;258442
2326;244850
2327;12900
2330;547500
2331;10100
2332;258825
2333;14425
2334;493900
2335;15180
2336;310625
2337;305166
2338;452514
2339;420550
2340;11450
2341;213066
2342;97775
2343;263550
2344;312350
2345;191733
2346;282833
2347;12375
2348;468480
2349;901000
2350;360900
2351;221000
2352;406200
2353;321733
2354;372750
2355;11500
2356;21900
2358;496033
2359;362750
2360;188675
2361;95612
2362;10966
2363;179500
2364;606166
2365;96140
2366;265450
2367;371300
2368;16850
2369;461250
2370;497875
2371;13100
2372;11700
2373;573700
2374;395680
2375;465033
2376;507100
2377;11600
2378;11400
2380;209400
2381;1009150
2382;220450
2383;641750
2384;442700
2385;401900
2386;208366
2387;389933
2388;293566
2389;199600
2390;193200
2391;638900
2392;17066
2393;12466
2394;9950
2395;179433
2396;320866
2397;142875
2398;12725
2399;468800
2400;380460
2401;1616000
2402;220900
2403;411750
2404;468500
2405;129350
2406;11450
2407;705050
2408;626175
2409;282066
2410;358475
2411;233600
2412;214850
2413;17000
2414;11850
2415;362900
2416;618900
2417;298983
2418;297850
2419;418100
2420;261750
2421;220114
2422;307225
2423;18000
2424;9850
2425;386700
2426;382733
2427;14933
2428;898600
2429;191833
2430;166020
2431;13350
2432;319550
2434;12000
2435;1979050
2436;10900
2437;707650
2438;8060
2439;731300
2440;487116
2441;524125
2442;1154200
2443;310575
2444;170800
2445;374200
2446;12675
2447;1847500
2448;12900
2449;363700
2450;273840
2451;15000
2452;197183
2453;13400
2454;216000
2455;401400
2457;441733
2458;409700
2459;11620
2460;513550
2461;289371
2462;704933
2463;381225
2464;144800
2465;228716
2466;623200
2467;316833
2468;145875
2469;416325
2470;216600
2471;11150
2472;146475
2473;389080
2474;329100
2475;178333
2476;75328
2477;22150
2478;532025
2479;250775
2480;187825
2481;607000
2482;485950
2483;1368075
2484;391300
2485;438166
2486;17066
2487;365700
2488;263560
2489;319700
2490;751100
2491;8700
2492;17600
2493;748500
2494;7800
2495;14450
2496;126425
2497;20350
2498;14300
2499;54600
2501;10000
2502;191200
2503;58050
2504;412600
2505;20400
2506;37900
2507;562266
2509;704300
2510;362285
2511;296460
2512;426420
2513;549366
2514;11200
2515;13800
2516;334950
2517;474560
2518;1145466
2519;179033
2520;383025
2521;156933
2522;895700
2523;120866
2525;221250
2526;12000
2527;181942
2528;330875
2529;12420
2530;15600
2531;399066
2532;383850
2533;410900
2534;13700
2535;139133
2536;6286766
2537;13700
2538;14050
2539;283300
2540;402100
2541;344475
2542;201633
2543;376480
2544;12125
2545;29300
2546;9700
2547;549000
2549;880100
2550;578475
2551;418800
2553;197500
2554;11700
2555;44850
2556;9100
2557;11300
2558;7800
2559;202550
2560;13600
2561;10100
2562;335533
2563;411250
2564;454750
2565;220250
2566;10900
2567;841950
2568;15300
2569;15800
2570;316228
2571;862825
2572;1226400
2573;226133
2574;745900
2575;13700
2576;165025
2577;310550
2578;8100
2579;237283
2580;11980
2581;310333
2582;184600
2583;250440
2584;171175
2585;314200
2586;721233
2587;11200
2588;13600
2589;470750
2590;578700
2591;1055300
2592;282550
2593;162542
2594;677850
2595;10800
2596;279166
2597;177720
2598;13875
2599;1350825
2600;767600
2601;11600
2602;13133
2603;787400
2604;308900
2605;603200
2606;13550
2607;185933
2608;10700
2609;620150
2610;269280
2611;18300
2612;253433
2613;197950
2614;760500
2615;214675
2616;13066
2617;414450
2618;371866
2619;369733
2620;237166
2621;176450
2623;392550
2624;508220
2625;141325
2626;325100
2627;392675
2628;243100
2629;12500
2630;2018750
2631;339925
2632;157933
2633;233900
2634;15758600
2635;422100
2636;2544500
2637;10850
2638;470116
2639;12900
2640;510550
2641;401960
2642;860366
2643;456200
2644;10100
2645;20800
2646;299700
2647;561633
2648;17900
2649;374150
2651;10600
2652;318450
2653;14150
2654;705900
2655;311800
2656;423725
2658;545966
2659;470975
2660;365625
2661;424840
2662;14100
2663;324750
2664;197480
2665;535316
2666;17900
2667;16500
2668;351240
2669;177750
2670;476100
2671;12350
2672;408925
2673;732650
2674;537840
2675;349066
2676;268500
2677;303740
2678;324685
2679;9100
2680;416150
2681;322525
2682;126500
2683;323100
2684;428400
2685;14375
2686;15000
2687;15100
2688;440500
2689;1719650
2690;283766
2691;18775
2692;431000
2693;13800
2694;246500
2695;12900
2696;334990
2697;423700
2698;516575
2699;425400
2700;11500
2701;412300
2702;369300
2703;71166
2704;291350
2705;22400
2706;12900
2707;124840
2708;181200
2709;20100
2711;13400
2712;278700
2713;261028
2714;11550
2715;14433
2716;11600
2717;14700
2718;386266
2719;11480
2720;156075
2721;256600
2722;178950
2723;168175
2724;361650
2725;370650
2726;393933
2727;397575
2728;201366
2729;571175
2730;207366
2731;15400
2732;1259500
2733;499750
2734;478475
2735;362140
2736;398950
2737;582100
2738;1453700
2739;111725
2740;126800
2741;255000
2742;265750
2743;12800
2744;165620
2745;88775
2746;600750
2747;600333
2748;384633
2749;540533
2750;16266
2751;56033
2752;176850
2753;614600
2754;118020
2755;171200
2756;14000
2757;275300
2758;252233
2759;202033
2760;531300
2761;660600
2762;12614
2763;12200
2764;672300
2765;189933
2766;454150
2767;8950
2768;159342
2769;735600
2770;264733
2771;142500
2772;373700
2773;354633
2774;212550
2775;551780
2776;16800
2777;577950
2778;8900
2779;691700
2780;210933
2781;869900
2782;446614
2783;1880900
2784;8800
2785;209000
2786;1555500
2787;145040
2788;134320
2789;401800
2792;10000
2793;7900
2794;440033
2795;354450
2796;192050
2797;11600
2798;259433
2799;451700
2800;333125
2802;237200
2803;371400
2804;237700
2805;180220
2806;721150
2807;265750
2808;699600
2809;476600
2810;218583
2811;1215650
2812;158125
2813;10050
2814;290750
2815;349600
2816;297000
2817;11900
2818;423914
2819;13466
2820;10733
2821;19766
2822;19750
2823;513466
2824;1005650
2825;784700
2826;19250
2827;466700
2828;364700
2829;77020
2830;8650
2831;280200
2832;1180525
2833;305850
2834;205060
2835;1206800
2837;730850
2838;487750
2839;204966
2840;450766
2841;318140
2842;400914
2843;251360
2844;589800
2845;641500
2846;329075
2847;16700
2848;249666
2849;272020
2850;400850
2851;15200
2852;15866
2853;321685
2854;275250
2855;87360
2856;14375
2857;15300
2858;177100
2859;8400
2860;710300
2861;242233
2862;234650
2863;254800
2864;222366
2865;417650
2866;703000
2867;652400
2868;764800
2869;330740
2870;670325
2871;212033
2872;749733
2873;140000
2874;12600
2875;13725
2876;520640
2877;15950
2878;615000
2879;289466
2880;401233
2881;278533
2882;514250
2883;1255900
2884;538840
2885;1048366
2886;883450
2887;369333
2888;883450
2889;205300
2891;283650
2892;16200
2893;273600
2894;1361200
2895;321680
2896;14500
2897;372133
2898;375700
2899;399900
2900;422050
2901;384425
2902;142550
2903;532566
2904;269220
2905;367075
2906;579650
2907;151000
2908;9700
2909;471800
2910;2893900
2911;967200
2913;1033533
2914;3552200
2916;813250
2917;13400
2918;307200
2919;368728
2920;157420
2921;20800
2922;11633
2923;242533
2924;330675
2927;371320
2928;453500
2929;18850
2930;13000
2931;14200
2932;501300
2933;365350
2934;175450
2935;905600
2936;820975
2938;169028
2939;277975
2940;332400
2941;16500
2942;491366
2943;646100
2944;15928
2945;230366
2946;424533
2947;182960
2948;1655066
2949;789000
2950;648400
2951;11400
2952;12500
2953;1999150
2954;211883
2955;331257
2957;567000
2958;386700
2959;426066
2960;11200
2961;702200
2962;334800
2964;337600
2965;13300
2966;9350
2967;816100
2968;382933
2969;455166
2970;496500
2971;919880
2972;6716066
2973;351000
2974;13200
2975;602600
2977;1494633
2979;612650
2980;422200
2981;398650
2982;210000
2983;386683
2984;688000
2985;674700
2986;203116
2987;580350
2988;224150
2989;781900
2990;404150
2992;466200
2994;417325
2995;532800
2996;115450
2997;677750
2998;675300
2999;20350
3000;6181166
3001;521100
3002;250566
3003;413700
3004;231400
3005;617200
3006;486300
3007;506916
3008;480866
3009;13300
3010;215483
3011;205775
3012;648075
3014;460000
3015;933250
3016;243266
3017;975866
3018;651000
3019;19950
3020;2484500
3021;475150
3022;13233
3023;147550
3024;262700
3025;171475
3026;345100
3027;668833
3028;946640
3029;187500
3030;11950
3031;184850
3032;9900
3033;449860
3034;402300
3035;322125
3037;13400
3038;199700
3039;459600
3040;1548350
3041;365050
3042;1258700
3043;331700
3044;485466
3045;60400
3046;252766
3047;953750
3048;8200
3049;13775
3050;327400
3051;11900
3052;716100
3053;12350
3054;12900
3055;1216075
3056;17550
3057;212966
3058;562500
3059;346275
3060;110750
3062;247266
3063;26100
3064;1455266
3065;11400
3067;180300
3068;209925
3069;15233
3070;253720
3071;319550
3072;701200
3073;817100
3074;292650
3075;398040
3076;320550
3077;8800
3078;471950
3079;742537
3080;313525
3081;344575
3082;1121300
3083;304385
3084;304733
3086;358057
3087;233500
3088;305625
3089;980300
3090;433825
3091;1310090
3093;242450
3094;665433
3095;833700
3096;14040
3097;152966
3098;12700
3099;383985
3100;600800
3101;341400
3102;1021783
3103;17600
3104;326600
3105;491940
3106;653750
3107;13133
3108;599550
3109;10750
3111;374500
3112;297880
3113;107533
3114;709600
3115;232544
3116;639850
3117;157120
3118;295600
3119;328700
3120;794000
3121;328583
3122;362400
3123;224150
3124;271225
3125;10200
3126;461700
3127;15150
3128;208366
3129;12150
3130;132500
3131;398275
3132;427566
3133;340125
3134;178150
3135;20200
3136;610366
3137;218160
3138;243066
3139;289525
3140;380600
3141;53600
3142;848900
3143;389500
3144;331071
3145;2121500
3146;218950
3147;1011133
3148;382600
3149;9400
3150;880850
3151;293080
3152;431066
3153;780600
3154;1227900
3155;481460
3156;228300
3157;312166
3158;732825
3159;565950
3160;125350
3161;1753266
3162;20300
3163;658500
3164;12000
3165;182433
3166;17900
3167;12500
3168;8700
3169;273800
3170;530650
3171;30866
3172;329366
3174;14933
3175;721614
3176;198100
3177;163800
3178;1409300
3179;231740
3180;245050
3181;204950
3182;7300
3183;975900
3184;12566
3185;274133
3186;147850
3188;596450
3189;15425
3190;288300
3191;17450
3192;557275
3194;603100
3195;568860
3196;309187
3197;588350
3199;15200
3200;318700
3201;690600
3202;225933
3203;122450
3204;370160
3205;14000
3206;178700
3207;194600
3208;208866
3209;269400
3210;780100
3211;420300
3212;416083
3213;997900
3214;10333
3215;13100
3216;305566
3217;899916
3218;9700
3219;100728
3220;134950
3221;245600
3222;466450
3223;457966
3224;437650
3225;217700
3226;432083
3227;1375166
3228;170733
3229;1609850
3230;734500
3231;3325266
3232;604675
3233;11400
3234;193550
3235;780350
3236;702000
3237;1244520
3239;235420
3241;646980
3242;400700
3243;60800
3244;551000
3245;381900
3246;882166
3248;375740
3249;582100
3250;14100
3251;12500
3252;412000
3253;487200
3254;843450
3256;2826875
3257;14050
3258;450750
3259;10950
3260;1374650
3261;766266
3262;150750
3263;14266
3264;248780
3265;10850
3266;106016
3267;13300
3268;460200
3270;924225
3271;355580
3272;3236133
3273;1003900
3274;349460
3276;919980
3277;187650
3278;300675
3279;447100
3280;418487
3281;234933
3282;12450
3283;202125
3284;12900
3285;11000
3286;572766
3287;495316
3288;255000
3289;482700
3290;340650
3291;16050
3292;477966
3293;283900
3294;367500
3296;14300
3297;307700
3298;853300
3299;1123825
3300;3236100
3301;12800
3302;227520
3303;362700
3304;840900
3305;13750
3306;14200
3307;477333
3308;2011200
3309;5232900
3310;250666
3311;750900
3312;445350
3313;10750
3314;232766
3316;346725
3319;278450
3320;428700
3321;285575
3322;573320
3323;194725
3324;611200
3325;7700
3327;15500
3328;12060
3329;18300
3330;620733
3331;15000
3332;560050
3333;1837233
3334;13600
3335;1054800
3336;388433
3337;55850
3338;360450
3339;420100
3340;10933
3341;551300
3343;10400
3345;186375
3346;597550
3347;584650
3348;7543625
3349;382266
3350;346550
3351;10100
3352;392400
3353;631350
3355;750400
3356;340266
3357;11900
3359;307250
3360;241600
3361;628833
3362;348112
3363;12050
3364;216550
3365;23950
3366;7185433
3367;599650
3368;150360
3369;315500
3370;290650
3371;476600
3372;654150
3373;455866
3374;530100
3375;290100
3376;322775
3377;342225
3378;296800
3379;325775
3380;291825
3381;952733
3382;12866
3383;395000
3384;388800
3385;8300
3386;911400
3387;1017700
3388;434650
3389;845800
3390;351450
3392;811600
3393;172533
3394;193250
3395;674475
3396;446633
3397;419650
3398;492550
3399;11000
3400;411900
3401;421925
3402;8451480
3403;669600
3404;233875
3405;561100
3406;911250
3407;603033
3408;108450
3409;1511125
3410;212800
3411;302250
3412;12800
3413;6283200
3414;13500
3415;203200
3416;322383
3417;545100
3418;422885
3419;539450
3420;328600
3421;306550
3422;419700
3423;427200
3424;333300
3425;252450
3426;285000
3428;640520
3429;11110200
3430;9400
3431;822900
3432;655950
3433;292300
3434;299166
3435;682525
3436;272300
3437;602366
3438;518800
3439;1565425
3440;249400
3441;375266
3442;2368400
3443;242533
3444;267233
3445;331766
3446;154725
3447;168850
3448;319033
3449;5122320
3450;657775
3451;1903475
3452;958385
3453;8200
3454;13500
3455;295600
3456;10866
3457;12333
3458;425850
3459;8900
3460;405075
3461;851100
3462;606975
3463;496275
3464;686950
3465;271250
3466;2803825
3467;721733
3469;526275
3470;468966
3471;14900
3472;17100
3473;278566
3474;7800
3475;432400
3476;16550
3477;755100
3478;611700
3479;1943300
3480;335866
3481;591800
3482;252025
3483;195366
3484;154875
3485;11100
3486;596850
3489;612700
3490;361185
3491;358050
3493;21400
3494;182957
3495;712400
3496;11200
3497;12600
3498;1186300
3499;559750
3500;307350
3502;319050
3503;160375
3504;293100
3505;402766
3506;321525
3507;9650
3508;17400
3509;572560
3510;567700
3511;903300
3512;698200
3513;705650
3514;260516
3515;560316
3516;147660
3517;114900
3518;596200
3519;278050
3520;757166
3521;576200
3522;136820
3523;281866
3524;631500
3525;648100
3526;11922750
3527;298800
3528;1050050
3529;2940020
3530;599400
3531;230866
3532;740320
3533;3361633
3534;506500
3535;246200
3536;496680
3537;1518200
3538;295150
3539;401766
3540;12600
3541;14300
3542;599540
3543;547650
3544;341450
3545;12800
3546;534850
3547;493550
3548;803000
3549;474833
3550;381150
3551;11600
3552;493600
3553;491700
3554;159166
3555;290900
3556;12700
3557;619833
3558;277342
3559;1887733
3560;219950
3561;227200
3562;150520
3563;559880
3564;614455
3565;13800
3566;35800
3567;416380
3568;452360
3569;18520
3570;1180866
3571;167500
3572;762466
3573;16800
3574;758133
3575;377500
3576;211125
3577;387600
3578;14200
3579;11625
3580;10250
3581;628350
3582;14450
3583;500066
3584;10650
3585;410750
3586;407440
3587;738650
3588;637750
3589;11100
3590;266300
3591;657600
3592;1914333
3593;725533
3594;1433700
3595;205840
3596;13066
3597;16800
3598;11700
3599;687300
3600;505825
3601;403800
3602;263966
3603;599460
3604;362833
3605;737366
3606;105000
3607;308240
3608;484666
3609;617200
3610;100600
3611;480533
3612;443150
3613;350350
3614;279166
3615;688550
3616;13425
3617;3915100
3618;17040
3619;548400
3620;310800
3621;740000
3622;265700
3623;274400
3624;299200
3625;481920
3626;495400
3627;175725
3628;865300
3629;9600
3630;795966
3631;214650
3632;392460
3633;30700
3634;1050900
3635;836850
3636;578950
3637;566050
3638;503200
3639;512066
3640;646350
3641;2157200
3642;565300
3644;393875
3645;483850
3646;593700
3647;16160
3649;1056266
3650;393925
3651;562400
3652;30050
3653;260750
3654;417171
3655;417380
3656;272666
3657;13150
3658;194133
3659;400966
3660;1184700
3661;12400
3662;217300
3663;475485
3664;462166
3665;683000
3666;446925
3667;123260
3668;16300
3669;489200
3670;13400
3671;291850
3672;13150
3673;311850
3674;3472300
3675;273625
3676;216466
3677;490400
3678;406700
3679;272333
3680;11700
3681;537366
3682;483500
3684;691050
3685;473700
3686;208800
3687;178100
3688;118233
3689;212300
3690;8674300
3691;607400
3692;1707500
3693;410500
3694;302350
3695;526750
3696;451180
3697;438366
3698;310700
3699;197650
3700;19400
3701;591900
3702;549500
3703;513100
3704;16133
3705;279600
3706;191000
3707;741450
3708;280400
3709;234471
3710;715500
3711;260925
3712;13880950
3713;669900
3714;14800
3715;417433
3716;698733
3717;267500
3718;346150
3719;13533
3721;317200
3722;244900
3723;4802825
3724;1038100
3725;481333
3726;15150
3727;487600
3728;267500
3729;453300
3730;12600
3731;747400
3732;728800
3733;34400
3734;516433
3735;736166
3736;512760
3737;10100
3738;430375
3739;1915800
3740;932483
3743;521233
3744;665850
3745;545200
3746;3777750
3747;265220
3748;535983
3749;339183
3750;573700
3751;661500
3752;1409300
3753;233950
3754;1685800
3755;373166
3756;270350
3757;9200
3758;175100
3759;11600
3760;358433
3761;643000
3762;917220
3763;281133
3764;381320
3765;414916
3766;409600
3768;182228
3771;215925
3772;326000
3773;540600
3774;10550
3775;215250
3776;426820
3777;12050
3778;12200
3780;250600
3781;12800
3782;666800
3783;233660
3784;387150
3785;366172
3786;16700
3787;677250
3788;448625
3789;863700
3790;614300
3791;254950
3792;432983
3793;801200
3794;11021900
3795;270025
3796;285400
3797;3773200
3798;590400
3799;446540
3800;3691850
3801;646950
3802;733650
3803;264880
3804;121000
3805;654575
3806;419350
3808;11700
3809;518500
3810;1570483
3811;210525
3812;465550
3813;14500
3814;235266
3815;698450
3816;325066
3817;1470400
3818;12033
3820;658700
3821;346500
3822;823300
3823;576400
3824;406850
3825;346100
3826;748950
3827;290000
3828;481050
3829;630900
3830;661500
3831;651600
3832;783900
3833;10500
3834;13100
3835;576450
3836;213625
3837;456150
3838;530580
3839;295950
3840;4756200
3841;375733
3842;177314
3843;210350
3844;102083
3845;403400
3846;317400
3847;423300
3848;14600
3849;12700
3850;391466
3851;792933
3852;131450
3853;454500
3854;4390380
3855;631400
3856;724366
3857;10003075
3858;22624150
3859;199650
3861;14000
3862;1564850
3863;1240275
3864;247033
3865;344860
3866;254950
3867;277028
3868;271150
3869;213160
3870;302383
3871;563700
3872;567475
3873;299350
3874;5239100
3876;393550
3877;811000
3878;212475
3879;435900
3880;609260
3881;194800
3882;231733
3883;586900
3884;535866
3885;14900
3886;688700
3887;561900
3888;7700
3889;7199800
3890;668700
3891;722125
3892;234150
3893;122425
3894;361000
3896;836700
3897;643950
3898;1483100
3899;654750
3900;520100
3901;555575
3903;16525
3904;4334350
3905;508250
3906;295900
3907;651340
3908;261650
3909;11366
3910;9700
3911;6362400
3912;747800
3913;302500
3914;538800
3915;3239333
3916;217200
3917;670900
3918;204000
3919;8000
3920;10400
3921;11466
3922;510200
3923;708540
3924;413466
3925;2123550
3926;481200
3927;448550
3928;309100
3929;37500
3930;728800
3931;348400
3932;534800
3933;398425
3934;450366
3935;249650
3936;412675
3937;15059533
3938;302000
3939;1012928
3940;681700
3941;308533
3942;201775
3943;186480
3944;10900
3945;718866
3946;399333
3947;12350
3948;570533
3949;1017500
3950;248566
3951;1190260
3952;770266
3953;378333
3954;950460
3955;23200
3956;2344900
3957;522100
3958;396550
3959;362900
3960;470100
3961;615966
3962;377166
3963;323000
3964;401525
3965;201000
3966;762500
3967;253000
3968;776250
3969;249650
3970;297616
3971;566600
3974;395266
3975;11000
3976;576750
3977;1045300
3978;13500
3979;1170600
3980;563850
3981;442725
3982;339900
3983;281257
3984;440850
3985;413400
3986;430633
3987;639050
3988;703540
3989;154775
3990;435140
3991;14300
3992;851600
3993;626100
3994;2156350
3995;484550
3996;544000
3997;377000
3998;767200
3999;360266
4000;135350
4001;616140
4002;421900
4003;321900
4004;287640
4005;2408150
4006;596233
4007;416840
4008;746800
4009;725850
4010;746500
4011;238060
4012;256166
4013;583600
4014;744000
4015;5096525
4016;12433
4017;184625
4018;774000
4020;283400
4021;2148375
4022;590280
4023;502900
4024;439100
4025;664666
4026;9400
4027;1331533
4028;1355050
4029;406025
4030;672466
4032;656725
4033;205466
4034;444900
4035;337200
4036;407775
4037;355500
4038;671600
4039;619200
4040;233800
4041;321280
4042;441440
4043;507040
4044;739600
4045;658550
4046;459880
4047;5202875
4048;10200
4049;677000
4050;576925
4051;295033
4052;308400
4053;13100
4055;515100
4056;583300
4057;295300
4058;94066
4059;228125
4060;1762500
4061;482650
4062;8637466
4063;413266
4064;769780
4065;154700
4067;303666
4068;12200
4069;224033
4070;621150
4071;308550
4072;484950
4073;1675600
4074;376440
4076;8600
4077;323500
4078;484500
4079;14300
4080;593200
4081;2571800
4082;11175
4083;918433
4084;1067300
4085;189275
4086;328200
4087;371220
4088;5018466
4089;221133
4090;283266
4091;400500
4092;670900
4093;402450
4094;521742
4095;22200
4096;8200
4097;614050
4098;598900
4100;383066
4101;106700
4102;538333
4103;534250
4104;296575
4105;15900
4106;347700
4107;2533500
4109;400450
4110;471933
4111;575400
4112;367328
4113;551866
4114;359328
4115;707700
4116;356500
4117;583475
4118;175533
4119;887500
4120;462862
4121;396825
4122;420433
4123;178250
4125;470866
4126;529075
4127;219100
4128;666500
4129;3435800
4130;388075
4131;28500
4132;152133
4133;370625
4134;491366
4135;543280
4136;791650
4137;279160
4138;9700
4139;1361450
4140;533600
4141;535350
4142;726700
4143;14700
4144;562050
4145;1130733
4146;381600
4147;13600
4148;17200
4149;524825
4151;615140
4152;525875
4153;1830100
4154;14000
4155;173220
4156;632000
4157;5429733
4158;15600
4159;609660
4160;566250
4161;522950
4162;464466
4163;13500
4164;419566
4165;606766
4166;401450
4167;4145600
4168;682050
4169;532533
4170;15000
4171;522050
4172;11800
4173;563042
4174;288566
4175;337033
4176;640166
4177;504000
4178;553200
4179;443200
4180;399900
4181;220100
4182;11150
4183;472116
4184;807350
4185;645700
4186;217100
4187;332350
4188;398700
4189;618525
4190;853100
4191;673400
4192;14600
4194;839900
4196;426766
4197;538742
4199;2233316
4200;394500
4201;229900
4202;828050
4203;704350
4204;15200
4205;20272266
4206;384250
4207;1321700
4208;482387
4209;393500
4210;1403350
4212;464657
4213;707700
4214;361100
4215;372457
4216;683100
4217;29300
4218;583600
4219;331700
4220;241166
4221;394950
4222;497600
4223;656150
4224;574566
4225;875775
4226;222160
4227;404100
4228;4018000
4229;198366
4231;522650
4232;547900
4233;449900
4234;293433
4235;431933
4236;16600
4237;322200
4238;481066
4239;367525
4240;459900
4241;678466
4242;530200
4243;1290300
4244;272000
4245;736350
4246;530333
4247;261633
4248;257320
4249;303550
4250;893600
4251;704300
4252;246366
4253;454000
4254;497400
4255;9900
4256;156100
4257;402900
4258;130200
4259;10649825
4260;365971
4261;333350
4262;746250
4263;424133
4264;565166
4265;301250
4266;521300
4267;13000
4268;529700
4269;153700
4270;1169400
4271;680650
4272;408325
4273;863850
4274;325525
4275;650250
4276;332400
4277;1170000
4278;315550
4279;578400
4280;107612400
4281;702000
4282;360200
4283;642350
4284;464100
4285;496950
4286;356600
4287;413625
4288;778450
4289;245233
4290;364720
4291;538650
4293;152633
4294;686500
4295;680566
4296;570725
4297;885766
4298;481900
4299;14050
4300;507750
4301;12333
4303;527166
4305;612550
4306;15350
4307;556300
4308;474450
4309;593450
4310;257950
4311;429333
4312;1522900
4313;329600
4314;3780275
4315;555500
4316;535550
4317;627200
4318;347100
4319;446466
4320;265100
4321;346433
4322;654100
4323;273425
4324;381550
4325;627400
4326;372325
4327;902380
4328;319050
4329;286133
4330;794257
4331;145425
4332;1798566
4333;22814575
4334;501000
4335;2107720
4336;1092525
4337;1169650
4338;326433
4339;614400
4340;787550
4341;437500
4343;11400
4344;588916
4345;236600
4346;2308233
4347;736750
4348;914225
4349;16700
4350;7700
4351;753600
4352;717200
4353;644633
4354;306450
4355;882700
4356;336666
4357;420900
4358;339650
4359;274600
4360;1171900
4361;1291325
4362;373200
4363;469880
4364;303620
4366;553200
4367;697900
4368;246700
4369;635360
4370;398250
4371;286966
4372;777400
4373;378775
4374;1189000
4375;901000
4376;690800
4377;426600
4378;601400
4379;657950
4380;278950
4381;616880
4382;868625
4384;351450
4385;438700
4386;9800
4387;122733
4388;473650
4389;689450
4390;488475
4391;395933
4392;172500
4393;746133
4394;8200
4395;485233
4396;706820
4397;677400
4398;300433
4399;71900
4400;755333
4401;536333
4402;640200
4403;720500
4404;600100
4405;491900
4406;13300
4407;436760
4408;789550
4409;1059900
4410;1926200
4411;473950
4412;409575
4413;794000
4414;18533
4415;2718750
4416;265150
4417;4288666
4418;670640
4420;9400
4421;421700
4422;219400
4424;206400
4425;373333
4426;27378100
4427;357025
4428;716950
4429;601333
4430;4379520
4431;321400
4432;410300
4433;449850
4434;536185
4435;547550
4436;174200
4437;371000
4438;749300
4439;11200
4440;591833
4441;10433060
4442;461275
4443;829140
4444;3266440
4445;424766
4446;697860
4447;706775
4448;721133
4449;448166
4450;828266
4451;379950
4452;13300
4453;12600
4454;376533
4455;773200
4456;771800
4457;198800
4458;488840
4459;641140
4460;368760
4461;395000
4463;755100
4464;375666
4465;315000
4467;763966
4468;301575
4469;475866
4470;452414
4471;438775
4472;20800
4473;18500
4474;2163500
4475;519125
4476;934900
4477;1895300
4478;319150
4479;322075
4480;835400
4481;665085
4482;919700
4483;6980575
4484;345525
4485;711766
4486;743800
4487;563700
4488;274966
4489;570333
4490;12800
4491;618433
4492;625800
4493;319400
4494;1032800
4495;351133
4496;329700
4497;46800
4498;613650
4499;336100
4500;179425
4501;441900
4502;366100
4503;184860
4504;376962
4505;598550
4506;428833
4507;684480
4508;309016
4509;1889220
4510;134750
4512;513440
4513;511066
4514;14300
4516;281000
4517;818800
4519;947400
4520;252100
4521;567600
4522;658566
4523;373740
4524;182633
4525;361233
4527;12800
4528;429975
4529;384620
4530;402925
4531;1027066
4532;223500
4533;397850
4534;287800
4535;404666
4536;246300
4537;478050
4538;1036400
4539;359466
4540;1066100
4541;662000
4542;569316
4543;411666
4544;149233
4545;484666
4546;765800
4547;591075
4548;213150
4549;10050
4550;298966
4551;248260
4552;317150
4553;341466
4554;602983
4555;458366
4556;158500
4557;585000
4558;420150
4559;2120700
4560;1707320
4561;326350
4562;454425
4563;731500
4564;10750
4565;738950
4566;822650
4567;384166
4568;2144950
4569;260100
4570;327866
4571;493350
4572;537800
4573;328728
4574;660175
4575;466900
4576;322650
4577;926850
4578;11600
4579;430100
4580;795166
4581;289400
4582;13784760
4583;712550
4584;815150
4585;493040
4586;11600
4587;432600
4588;306450
4589;206033
4590;765600
4591;281600
4592;815600
4593;204057
4594;489266
4595;12050
4596;557075
4597;345833
4598;260900
4599;9000
4601;27466
4602;649300
4603;597500
4604;886000
4605;10483940
4606;327260
4607;290700
4608;550466
4609;783250
4610;617175
4611;352200
4612;273600
4613;13050
4614;615960
4615;482700
4616;435700
4618;437316
4619;833700
4620;925100
4621;490933
4622;318820
4623;580600
4624;396200
4625;13950
4626;422450
4627;2128975
4629;745200
4630;10800
4631;531500
4632;7579180
4633;1029633
4634;318200
4635;337800
4636;206966
4637;604240
4638;308875
4639;5578500
4640;298066
4641;320633
4642;451833
4643;630920
4644;809600
4645;481600
4646;575275
4647;344850
4648;593600
4649;73520
4650;152725
4651;425300
4652;10800
4653;14400
4654;854000
4655;715600
4656;298175
4657;856350
4658;509040
4659;448175
4660;600950
4661;337366
4662;265020
4663;418300
4664;667050
4665;364850
4666;214433
4667;413400
4668;466000
4669;452400
4670;355720
4671;350620
4672;469000
4673;680066
4674;534900
4675;402683
4676;27667250
4677;387683
4678;652800
4679;667825
4680;1353800
4681;296800
4682;588700
4684;552550
4685;314350
4686;376133
4687;338400
4688;602033
4689;235875
4690;1140225
4691;874600
4692;836766
4693;17000
4694;449133
4695;795100
4696;411975
4697;1035400
4698;330550
4699;557550
4700;319425
4701;395400
4702;641600
4703;1614800
4704;10850
4705;543850
4706;348625
4707;396600
4708;367500
4709;391400
4710;251000
4712;532925
4713;441900
4714;545500
4715;320300
4716;673566
4717;575700
4718;873600
4719;1057066
4720;329100
4721;331300
4722;178850
4723;11200
4724;415000
4725;576600
4726;368760
4727;22127620
4728;587250
4729;834233
4730;13000
4731;487950
4732;459200
4733;392975
4734;368633
4735;555200
4736;697833
4737;10600
4738;803400
4739;518800
4740;7657360
4741;831600
4742;592650
4743;1063900
4744;11400
4745;347600
4746;145200
4747;437600
4748;659200
4749;988200
4750;1595166
4751;734133
4753;680800
4754;464150
4756;288920
4757;10200
4758;394400
4759;688650
4760;232600
4761;134966
4762;499525
4763;217650
4764;492866
4765;760775
4766;321100
4767;6340000
4768;451000
4769;12200
4770;623933
4771;614525
4772;419300
4773;890733
4774;1139900
4775;543875
4776;1040066
4777;267200
4778;21400
4779;283820
4780;681625
4781;439400
4782;434542
4783;12225
4784;640733
4785;875675
4786;251300
4787;21600
4788;687950
4789;740400
4790;157060
4792;615200
4793;651500
4794;79050
4795;548000
4796;582766
4797;667000
4798;664225
4799;502900
4800;722350
4801;739500
4802;374550
4803;538925
4804;462733
4805;15000
4806;597440
4807;746462
4808;344550
4809;627560
4810;1823766
4811;859400
4812;536700
4813;406525
4814;986700
4815;666100
4816;14100
4817;300300
4819;516033
4820;769266
4821;380050
4822;5066375
4823;237925
4824;382566
4825;693300
4826;627725
4827;11300
4828;988933
4829;18732960
4830;766850
4831;334700
4832;400875
4833;1114900
4834;731450
4835;347080
4836;277420
4837;569180
4838;913100
4839;919500
4840;462366
4841;607750
4842;336600
4843;1278350
4844;317400
4845;207000
4846;442450
4847;472350
4848;12700
4849;459600
4850;725250
4851;387100
4852;15491333
4853;593700
4854;430980
4855;412800
4856;758033
4857;543980
4858;624000
4859;871600
4860;452633
4861;283366
4862;695900
4863;449000
4864;732400
4865;678150
4866;491175
4867;616533
4868;593000
4869;535800
4870;12000
4871;640533
4872;481020
4873;523740
4874;11700
4876;324400
4877;582316
4878;268450
4879;529500
4880;183400
4881;1362900
4882;656560
4883;319475
4884;609475
4886;207766
4887;510200
4889;498500
4890;481000
4891;1056875
4892;2209566
4893;648020
4894;551100
4895;289333
4896;267866
4897;12054133
4898;8719040
4899;576360
4900;641350
4901;328000
4902;15100
4903;17800
4904;350600
4905;432650
4906;526450
4907;338650
4908;442766
4909;364700
4910;339333
4911;416400
4912;912000
4913;498440
4914;793700
4915;238466
4917;413433
4918;606000
4919;210033
4920;333333
4921;611725
4922;641450
4923;430575
4924;781000
4925;605980
4926;454566
4927;651533
4928;1107500
4929;617250
4930;613350
4931;1189900
4932;330975
4933;859650
4934;1639166
4935;388675
4936;11260140
4937;302275
4938;480900
4939;289700
4940;359825
4941;2499880
4942;536900
4943;434060
4944;235025
4945;36800
4946;7741266
4947;392066
4948;390775
4949;384940
4950;408625
4951;707000
4952;787500
4953;827833
4954;608400
4955;520200
4956;14700
4958;70894600
4959;498500
4960;388533
4961;828550
4962;188350
4963;609820
4964;547700
4965;1256100
4966;654533
4967;501887
4968;3217475
4969;578180
4970;620800
4971;686283
4972;578275
4973;843200
4974;254533
4975;393000
4976;344200
4977;571880
4978;526900
4979;464166
4980;425120
4981;691600
4982;410800
4983;845433
4984;994060
4985;11400
4986;170000
4987;810600
4988;541875
4989;238766
4990;596650
4991;539350
4992;594166
4993;417360
4994;567100
4995;874800
4996;198600
4997;13400
4998;597566
4999;813400
